Dataset ------------ wine ------------------------------------
------------------------------------------------------------------------------
Naive Bayes: ******************************************************************
size: 46



XGBoost: **********************************************************************
n_estimators = 500
max_depth = 7



IPS-KNN: **********************************************************************
[11, 11, 11, 3, 11, 2, 9, 7, 11, 5, 10, 11, 3, 9, 10, 11, 9, 11, 3, 3, 11, 11, 11, 10, 5, 11, 5, 4, 3, 3, 10, 3, 11, 10, 3, 8, 8, 8, 2, 3, 10, 3, 4, 3, 10, 11, 11, 3, 5, 3, 3, 3, 10, 3, 8, 11, 11, 8, 6, 10, 11, 9, 3, 9, 11, 11, 8, 11, 7, 11, 3, 10, 3, 3, 11, 3, 10, 3, 10, 11, 11, 11, 10, 2, 11, 3, 3, 11, 11, 11, 11, 11, 4, 11, 8, 11, 11, 3, 11, 11, 3, 7, 11, 8, 7, 10, 3, 11, 2, 11, 10, 11, 3, 9, 11, 10, 9, 11, 11, 9, 11, 11, 9, 3, 3, 11, 3, 3, 11, 2, 11, 3, 11, 11, 10, 11, 11, 11, 3, 3, 6, 6, 9, 2, 11, 4, 11, 9, 11, 11, 11, 9, 3, 11, 7, 11, 6, 11, 11, 9, 8, 11, 11, 3, 3, 9, 3, 11, 11, 9, 10, 6, 10, 5, 8, 10, 3, 11, 9, 11, 11, 6, 11, 8, 2, 11, 10, 2, 9, 3, 11, 11, 11, 3, 10, 11, 4, 2, 9, 9, 10, 4, 10, 11, 11, 10, 11, 9, 9, 3, 10, 11, 11, 11, 11, 11, 3, 3, 9, 11, 9, 11, 10, 11, 11, 11, 8, 7, 3, 11, 5, 9, 7, 11, 11, 4, 9, 9, 8, 3, 3, 3, 3, 4, 10, 11, 3, 11, 10, 7, 11, 3, 9, 9, 7, 3, 3, 11, 2, 10, 11, 11, 8, 11, 7, 11, 11, 3, 11, 11, 11, 8, 11, 3, 11, 3, 11, 3, 11, 11, 11, 3, 8, 11, 11, 10, 11, 3, 3, 3, 11, 11, 11, 9, 10, 3, 3, 11, 11, 11, 11, 9, 11, 11, 11, 3, 11, 9, 11, 10, 4, 10, 11, 3, 10, 3, 3, 10, 11, 10]
max size = 11
avg size = 8.03125



KNN: **************************************************************************
size: 671



Logistic Regression: **********************************************************
size: 12



SVM: **************************************************************************
num_supp_vecs = 1062
size: 12746



Decision Tree: ****************************************************************
max_depth: 15
max_depth: 10
avg_depth: 6.334375



Random Forest: ****************************************************************
n_estimators: 50
max_depth: 20



Dataset ------------ breast_cancer ------------------------------------
------------------------------------------------------------------------------
Naive Bayes: ******************************************************************
size: 122



XGBoost: **********************************************************************
n_estimators = 200
max_depth = 5



IPS-KNN: **********************************************************************
[5, 2, 3, 3, 4, 5, 5, 6, 4, 5, 4, 6, 5, 4, 4, 4, 3, 3, 5, 4, 5, 6, 2, 5, 7, 5, 3, 4, 5, 3, 3, 6, 4, 4, 3, 3, 4, 4, 5, 4, 5, 4, 6, 4, 3, 4, 4, 5, 6, 9, 6, 4, 4, 9, 4, 4, 3, 4, 7, 4, 5, 4, 4, 4, 4, 3, 7, 6, 4, 3, 4, 4, 7, 5, 4, 4, 4, 4, 3, 4, 4, 7, 4, 3, 5, 4, 2, 4, 3, 4, 5, 5, 6, 5, 4, 5, 7, 7, 5, 6, 10, 5, 3, 4, 4, 5, 3, 4, 6, 4, 4, 4, 3, 8]
max size = 10
avg size = 4.535087719298246



KNN: **************************************************************************
size: 150



Logistic Regression: **********************************************************
size: 31



SVM: **************************************************************************
size: 31



Decision Tree: ****************************************************************
max_depth: 5
max_depth: 5
avg_depth: 3.692982456140351



Random Forest: ****************************************************************
n_estimators: 100
max_depth: 10



Dataset ------------ rice ------------------------------------
------------------------------------------------------------------------------
Naive Bayes: ******************************************************************
size: 30



XGBoost: **********************************************************************
n_estimators = 100
max_depth = 3



IPS-KNN: **********************************************************************
[6, 3, 3, 3, 3, 3, 2, 3, 7, 7, 3, 3, 5, 7, 4, 3, 2, 3, 3, 3, 6, 7, 4, 3, 3, 5, 6, 4, 3, 4, 5, 2, 3, 3, 3, 3, 3, 3, 3, 3, 4, 3, 4, 5, 5, 3, 3, 7, 3, 6, 3, 3, 4, 3, 3, 3, 3, 3, 7, 4, 7, 2, 3, 2, 3, 3, 3, 4, 3, 7, 7, 3, 4, 7, 3, 3, 3, 3, 3, 3, 3, 3, 7, 3, 3, 7, 4, 5, 3, 5, 6, 3, 4, 5, 7, 5, 4, 3, 3, 4, 4, 4, 3, 3, 3, 3, 3, 3, 5, 3, 3, 7, 3, 4, 3, 3, 7, 4, 3, 5, 3, 3, 5, 6, 4, 4, 3, 7, 4, 3, 3, 3, 6, 3, 3, 4, 3, 3, 5, 6, 3, 7, 2, 3, 4, 7, 3, 3, 3, 3, 3, 3, 4, 3, 7, 5, 3, 6, 3, 3, 5, 5, 4, 4, 3, 4, 7, 2, 3, 3, 3, 6, 3, 4, 3, 3, 7, 3, 6, 3, 4, 3, 3, 7, 3, 6, 3, 2, 3, 3, 3, 3, 4, 3, 4, 3, 7, 3, 3, 3, 7, 7, 3, 3, 3, 3, 7, 4, 3, 3, 4, 5, 4, 7, 3, 2, 6, 3, 2, 5, 3, 3, 3, 6, 2, 7, 3, 7, 2, 2, 5, 3, 3, 3, 3, 3, 4, 4, 3, 4, 5, 3, 3, 6, 3, 3, 4, 3, 3, 7, 7, 4, 2, 3, 7, 4, 3, 3, 3, 3, 3, 7, 3, 3, 6, 3, 3, 4, 5, 3, 7, 3, 7, 6, 4, 7, 6, 5, 3, 3, 3, 7, 3, 3, 3, 4, 3, 3, 5, 3, 2, 3, 3, 4, 3, 3, 3, 4, 3, 3, 6, 4, 2, 4, 7, 4, 4, 5, 3, 4, 4, 7, 4, 3, 3, 3, 6, 4, 7, 7, 6, 4, 6, 3, 7, 3, 3, 4, 4, 4, 7, 2, 2, 3, 3, 2, 3, 3, 5, 2, 2, 7, 3, 7, 3, 5, 4, 4, 6, 3, 3, 6, 3, 4, 3, 3, 3, 4, 3, 6, 7, 3, 3, 3, 3, 7, 5, 4, 5, 5, 4, 7, 6, 6, 4, 2, 4, 3, 4, 3, 3, 4, 4, 6, 3, 4, 3, 3, 3, 3, 3, 3, 7, 6, 5, 3, 4, 3, 4, 6, 4, 3, 5, 2, 5, 3, 3, 3, 2, 3, 4, 5, 5, 3, 3, 3, 3, 3, 6, 6, 6, 5, 3, 3, 7, 6, 4, 5, 3, 3, 7, 4, 3, 3, 3, 4, 5, 7, 3, 3, 3, 3, 3, 4, 5, 4, 7, 3, 3, 4, 3, 4, 3, 3, 3, 5, 4, 4, 3, 7, 5, 7, 6, 6, 7, 4, 3, 4, 4, 6, 2, 3, 5, 3, 3, 4, 3, 3, 2, 3, 6, 3, 2, 3, 4, 6, 3, 7, 3, 3, 6, 5, 5, 3, 3, 7, 3, 3, 4, 6, 4, 4, 3, 3, 5, 3, 3, 4, 5, 4, 7, 3, 3, 3, 3, 3, 7, 7, 7, 4, 4, 3, 3, 3, 3, 5, 3, 3, 3, 4, 3, 7, 3, 4, 3, 5, 4, 3, 3, 3, 3, 5, 4, 3, 3, 3, 3, 4, 7, 3, 3, 5, 3, 6, 6, 7, 5, 3, 5, 3, 3, 5, 3, 7, 4, 3, 5, 5, 3, 5, 2, 2, 3, 3, 5, 3, 7, 3, 7, 7, 6, 6, 3, 2, 6, 2, 2, 3, 3, 3, 3, 4, 2, 3, 4, 5, 7, 3, 3, 3, 4, 7, 5, 6, 3, 6, 6, 4, 6, 7, 3, 2, 3, 3, 4, 4, 3, 3, 7, 3, 3, 4, 4, 4, 4, 3, 3, 3, 3, 5, 3, 7, 3, 6, 3, 3, 5, 3, 3, 7, 5, 3, 3, 3, 3, 6, 7, 3, 3, 7, 3, 2, 4, 3, 7, 7, 3, 3, 4, 2, 2, 3, 4, 3, 2, 3, 3, 4, 3, 7, 4, 3, 3, 4, 3, 7, 2, 7, 5, 3, 7, 3, 2, 6, 3, 3, 3, 3, 3, 3, 3, 6, 5, 4, 6, 7, 4, 5, 4, 7, 7, 3, 7, 4, 3, 7, 3, 3, 3, 3, 3, 4, 2, 5, 3, 4, 3, 3, 5, 3, 3, 7, 3, 6, 3, 4, 5, 4, 7, 4, 2, 7, 3, 6, 7, 7, 6, 3, 6, 3, 3, 5, 4, 4, 3, 3, 4, 2, 2, 6, 4, 3, 3, 4, 3, 3, 3, 7, 3, 3, 6, 3]
max size = 7
avg size = 4.024934383202099



KNN: **************************************************************************
size: 175



Logistic Regression: **********************************************************
size: 8



SVM: **************************************************************************
num_supp_vecs = 737
size: 5898



Decision Tree: ****************************************************************
max_depth: 5
max_depth: 1
avg_depth: 1.0



Random Forest: ****************************************************************
n_estimators: 10
max_depth: 5



Dataset ------------ sonar ------------------------------------
------------------------------------------------------------------------------
Naive Bayes: ******************************************************************
size: 242



XGBoost: **********************************************************************
n_estimators = 100
max_depth = 3



IPS-KNN: **********************************************************************
[5, 3, 5, 3, 5, 5, 5, 6, 9, 5, 6, 4, 3, 4, 4, 5, 3, 7, 2, 4, 4, 5, 4, 5, 3, 4, 4, 4, 3, 3, 6, 5, 5, 4, 4, 4, 6, 5, 6, 4, 5, 5]
max size = 9
avg size = 4.5476190476190474



KNN: **************************************************************************
size: 60



Logistic Regression: **********************************************************
size: 61



SVM: **************************************************************************
num_supp_vecs = 100
size: 6102



Decision Tree: ****************************************************************
max_depth: 5
max_depth: 5
avg_depth: 4.238095238095238



Random Forest: ****************************************************************
n_estimators: 50
max_depth: 10



Dataset ------------ parkinsons ------------------------------------
------------------------------------------------------------------------------
Naive Bayes: ******************************************************************
size: 90



XGBoost: **********************************************************************
n_estimators = 200
max_depth = 5



IPS-KNN: **********************************************************************
[7, 5, 6, 4, 3, 3, 4, 3, 5, 3, 3, 3, 5, 3, 5, 3, 3, 2, 3, 3, 4, 3, 3, 3, 3, 3, 3, 4, 6, 3, 2, 2, 3, 6, 5, 4, 2, 10, 3]
max size = 10
avg size = 3.7948717948717947



KNN: **************************************************************************
size: 88



Logistic Regression: **********************************************************
size: 23



SVM: **************************************************************************
num_supp_vecs = 73
size: 1681



Decision Tree: ****************************************************************
max_depth: 5
max_depth: 5
avg_depth: 4.076923076923077



Random Forest: ****************************************************************
n_estimators: 20
max_depth: 5



Dataset ------------ spam ------------------------------------
------------------------------------------------------------------------------
Naive Bayes: ******************************************************************
size: 230



XGBoost: **********************************************************************
n_estimators = 1000
max_depth = 7



IPS-KNN: **********************************************************************
[22, 18, 16, 11, 13, 23, 20, 11, 57, 14, 57, 21, 15, 17, 17, 24, 22, 35, 14, 56, 13, 14, 27, 25, 30, 21, 27, 27, 27, 14, 22, 22, 41, 41, 20, 30, 24, 22, 24, 41, 16, 24, 17, 13, 23, 27, 17, 30, 25, 32, 31, 41, 15, 41, 18, 12, 17, 33, 13, 14, 36, 25, 23, 20, 15, 40, 23, 18, 27, 29, 13, 16, 26, 11, 56, 24, 57, 28, 23, 29, 15, 35, 10, 39, 51, 15, 14, 31, 19, 19, 27, 35, 20, 27, 16, 25, 17, 41, 22, 21, 27, 18, 25, 13, 16, 30, 34, 18, 41, 36, 41, 16, 18, 19, 29, 17, 43, 15, 34, 24, 31, 17, 24, 31, 21, 14, 22, 15, 36, 14, 41, 49, 20, 41, 41, 10, 25, 17, 27, 56, 15, 41, 22, 41, 29, 20, 21, 51, 19, 31, 13, 25, 23, 26, 23, 16, 17, 13, 28, 19, 20, 31, 19, 47, 15, 56, 15, 24, 28, 23, 54, 46, 18, 20, 24, 28, 18, 13, 14, 11, 22, 18, 31, 20, 18, 16, 23, 14, 12, 27, 45, 16, 26, 17, 27, 31, 36, 31, 19, 16, 23, 17, 24, 19, 30, 20, 18, 22, 12, 43, 15, 41, 44, 30, 20, 17, 41, 28, 23, 27, 31, 22, 16, 20, 41, 24, 23, 17, 32, 14, 15, 41, 21, 33, 14, 22, 15, 18, 19, 19, 17, 21, 23, 16, 20, 16, 29, 19, 22, 19, 15, 12, 27, 44, 32, 22, 46, 38, 42, 23, 12, 12, 39, 13, 29, 13, 17, 21, 14, 10, 29, 12, 47, 33, 20, 15, 21, 27, 13, 24, 18, 14, 14, 23, 15, 13, 33, 24, 17, 14, 27, 42, 18, 11, 20, 27, 14, 15, 17, 38, 23, 21, 28, 18, 23, 24, 12, 38, 12, 12, 41, 25, 31, 22, 22, 36, 41, 14, 31, 12, 30, 17, 14, 11, 42, 32, 17, 24, 39, 26, 14, 15, 29, 42, 11, 14, 15, 25, 28, 15, 33, 21, 43, 17, 31, 29, 23, 21, 16, 31, 31, 26, 41, 18, 22, 23, 12, 50, 11, 28, 12, 25, 28, 15, 50, 21, 13, 15, 18, 20, 56, 21, 30, 15, 18, 22, 19, 27, 14, 16, 41, 17, 19, 56, 22, 18, 25, 20, 51, 36, 21, 39, 13, 19, 16, 32, 25, 41, 24, 50, 56, 27, 17, 13, 49, 21, 17, 41, 16, 20, 21, 39, 21, 27, 38, 48, 28, 19, 16, 23, 22, 19, 21, 26, 13, 27, 47, 50, 19, 14, 36, 44, 31, 13, 23, 50, 10, 13, 51, 48, 21, 20, 28, 18, 23, 33, 28, 20, 14, 17, 14, 15, 32, 21, 31, 57, 28, 46, 26, 26, 45, 25, 25, 15, 16, 18, 40, 23, 13, 28, 20, 20, 14, 18, 10, 25, 17, 15, 16, 41, 49, 18, 41, 20, 17, 9, 27, 21, 24, 27, 36, 15, 19, 25, 13, 15, 41, 9, 20, 14, 24, 27, 14, 21, 17, 24, 25, 28, 14, 19, 18, 19, 15, 24, 22, 12, 17, 30, 15, 57, 15, 27, 20, 31, 56, 20, 18, 13, 57, 13, 32, 22, 29, 17, 45, 18, 22, 20, 13, 44, 26, 36, 21, 21, 41, 13, 20, 24, 56, 24, 22, 23, 17, 30, 21, 37, 20, 31, 13, 21, 35, 23, 44, 19, 19, 38, 12, 29, 20, 11, 21, 52, 25, 51, 24, 12, 11, 21, 30, 33, 34, 23, 39, 19, 17, 24, 25, 27, 14, 33, 16, 13, 16, 12, 15, 44, 45, 19, 18, 36, 49, 29, 47, 13, 18, 13, 46, 17, 14, 11, 26, 18, 20, 12, 12, 24, 14, 22, 57, 28, 29, 47, 22, 20, 34, 19, 23, 17, 17, 16, 18, 14, 14, 25, 23, 13, 18, 20, 26, 16, 24, 16, 16, 14, 51, 13, 21, 27, 41, 24, 25, 29, 12, 23, 32, 51, 21, 41, 10, 34, 21, 17, 50, 18, 15, 18, 18, 20, 11, 24, 14, 10, 14, 14, 23, 27, 19, 16, 15, 19, 24, 14, 13, 19, 26, 20, 13, 38, 11, 16, 27, 10, 21, 21, 22, 19, 17, 13, 26, 24, 15, 21, 23, 41, 34, 24, 22, 25, 19, 25, 21, 14, 20, 41, 14, 16, 23, 39, 20, 46, 14, 27, 22, 13, 51, 21, 18, 12, 20, 41, 13, 25, 13, 45, 17, 49, 11, 21, 22, 16, 16, 15, 20, 47, 11, 16, 18, 12, 22, 26, 22, 24, 20, 22, 20, 34, 20, 41, 20, 15, 19, 10, 51, 20, 25, 12, 41, 28, 41, 18, 18, 24, 21, 22, 16, 28, 13, 15, 42, 41, 28, 22, 22, 25, 35, 21, 50, 19, 26, 39, 25, 18, 15, 28, 41, 38, 30, 18, 21, 25, 46, 13, 29, 28, 12, 12, 8, 22, 12, 26, 37, 56, 14, 17, 13, 12, 30, 11, 11, 14, 27, 25, 23, 18, 25, 13, 20, 13, 18, 16, 31, 14, 45, 46, 17, 41, 41, 32, 14, 28, 44, 21, 17, 11, 19, 32, 19, 29, 15, 28, 19, 16, 12, 18, 57, 25, 23, 17, 57, 34, 24, 31, 24, 11, 25, 46, 25, 20, 15, 24, 20, 20, 20, 44, 23, 12, 22, 32, 21, 41, 25, 25, 13, 15, 46, 26, 45, 17, 41, 19, 44, 24, 47, 21, 20, 45, 22, 18, 25, 17, 10, 28, 28, 45, 14, 43, 23, 15, 42, 14, 26, 19, 21, 18, 24, 11, 42, 31, 15, 20, 45]
max size = 57
avg size = 24.591748099891422



KNN: **************************************************************************
size: 798



Logistic Regression: **********************************************************
size: 58



SVM: **************************************************************************
num_supp_vecs = 827
size: 47968



Decision Tree: ****************************************************************
max_depth: 10
max_depth: 10
avg_depth: 8.567861020629751



Random Forest: ****************************************************************
n_estimators: 1000
max_depth = 54



Dataset ------------ glass ------------------------------------
------------------------------------------------------------------------------
Naive Bayes: ******************************************************************
size: 38



XGBoost: **********************************************************************
n_estimators = 20
max_depth = 7



IPS-KNN: **********************************************************************
[4, 6, 4, 4, 6, 7, 6, 4, 5, 4, 5, 6, 4, 5, 4, 6, 5, 6, 3, 6, 4, 4, 4, 5, 5, 4, 4, 4, 3, 5, 4, 6, 4, 4, 4, 4, 5, 4, 5, 4, 3, 4, 5]
max size = 7
avg size = 4.604651162790698



KNN: **************************************************************************
size: 9



Logistic Regression: **********************************************************
size: 10



SVM: **************************************************************************
size: 10



Decision Tree: ****************************************************************
max_depth: 10
max_depth: 7
avg_depth: 4.837209302325581



Random Forest: ****************************************************************
n_estimators: 10
max_depth: 15



Dataset ------------ ionosphere ------------------------------------
------------------------------------------------------------------------------
Naive Bayes: ******************************************************************
size: 138



XGBoost: **********************************************************************
n_estimators = 20
max_depth = 5



IPS-KNN: **********************************************************************
[3, 4, 4, 4, 8, 4, 7, 3, 9, 3, 4, 5, 4, 2, 3, 4, 6, 5, 5, 4, 4, 19, 4, 6, 6, 4, 5, 4, 6, 6, 5, 6, 4, 4, 9, 5, 6, 7, 3, 5, 4, 7, 7, 4, 5, 4, 4, 6, 4, 4, 5, 4, 4, 2, 5, 5, 6, 5, 5, 6, 5, 4, 5, 5, 5, 7, 5, 7, 7, 4, 5]
max size = 19
avg size = 5.126760563380282



KNN: **************************************************************************
size: 68



Logistic Regression: **********************************************************
size: 35



SVM: **************************************************************************
num_supp_vecs = 109
size: 3817



Decision Tree: ****************************************************************
max_depth: 10
max_depth: 8
avg_depth: 5.253521126760563



Random Forest: ****************************************************************
n_estimators: 100
max_depth: 5



Dataset ------------ page_blocks ------------------------------------
------------------------------------------------------------------------------
Naive Bayes: ******************************************************************
size: 42



XGBoost: **********************************************************************
n_estimators = 50
max_depth = 7



IPS-KNN: **********************************************************************
[5, 8, 4, 3, 5, 6, 5, 7, 4, 3, 7, 4, 5, 5, 4, 4, 7, 8, 6, 6, 3, 4, 5, 8, 5, 4, 3, 4, 6, 4, 7, 5, 9, 3, 6, 4, 4, 4, 9, 6, 6, 5, 8, 6, 9, 3, 4, 4, 3, 3, 7, 8, 6, 8, 5, 6, 6, 5, 4, 4, 6, 5, 4, 5, 4, 3, 3, 4, 4, 7, 8, 3, 4, 4, 6, 4, 6, 4, 9, 4, 4, 4, 3, 3, 8, 5, 7, 5, 3, 4, 3, 3, 4, 3, 7, 6, 7, 5, 7, 6, 4, 3, 8, 3, 3, 3, 6, 3, 5, 3, 4, 7, 4, 6, 5, 8, 5, 3, 4, 7, 6, 7, 3, 4, 6, 7, 5, 8, 4, 4, 4, 6, 7, 5, 4, 4, 4, 4, 4, 6, 5, 4, 9, 5, 6, 6, 3, 4, 3, 6, 3, 4, 5, 8, 5, 4, 4, 3, 5, 4, 7, 4, 4, 4, 4, 6, 8, 4, 8, 4, 4, 3, 4, 5, 6, 4, 8, 8, 3, 4, 3, 6, 7, 6, 6, 4, 6, 7, 4, 8, 3, 5, 4, 8, 4, 7, 5, 5, 6, 3, 3, 6, 7, 7, 4, 4, 4, 7, 4, 6, 7, 4, 5, 4, 7, 4, 4, 3, 5, 4, 7, 5, 4, 4, 3, 7, 6, 2, 4, 7, 8, 4, 4, 8, 8, 4, 5, 7, 4, 6, 5, 7, 5, 4, 6, 4, 5, 7, 3, 4, 4, 6, 3, 4, 7, 4, 7, 3, 4, 3, 4, 4, 7, 8, 5, 4, 3, 4, 5, 3, 8, 3, 3, 3, 4, 4, 8, 6, 3, 5, 5, 9, 4, 7, 3, 5, 6, 4, 3, 3, 4, 4, 6, 7, 6, 7, 4, 4, 7, 6, 6, 4, 4, 4, 3, 7, 4, 4, 7, 4, 8, 5, 4, 4, 4, 8, 3, 3, 4, 4, 6, 8, 4, 8, 4, 4, 5, 5, 4, 6, 9, 4, 6, 4, 4, 7, 3, 4, 3, 5, 5, 5, 4, 4, 4, 3, 3, 4, 6, 3, 4, 4, 7, 5, 8, 4, 4, 8, 4, 3, 4, 3, 3, 8, 6, 4, 7, 4, 8, 4, 4, 8, 4, 4, 3, 7, 4, 4, 4, 3, 4, 3, 4, 3, 7, 5, 7, 5, 5, 7, 3, 4, 4, 4, 7, 4, 4, 8, 3, 5, 4, 5, 6, 7, 3, 4, 8, 4, 6, 3, 4, 4, 5, 4, 4, 2, 4, 4, 3, 3, 7, 6, 4, 6, 4, 3, 6, 6, 4, 7, 9, 5, 6, 6, 4, 3, 6, 5, 4, 8, 6, 3, 6, 5, 6, 4, 6, 4, 7, 5, 3, 8, 3, 7, 6, 7, 4, 4, 6, 7, 4, 4, 8, 4, 5, 8, 4, 7, 6, 7, 5, 4, 8, 5, 4, 8, 3, 5, 4, 7, 6, 5, 5, 9, 8, 7, 4, 7, 4, 4, 4, 5, 7, 4, 7, 3, 6, 4, 6, 3, 4, 3, 7, 4, 8, 9, 8, 4, 4, 4, 7, 6, 7, 3, 6, 4, 4, 3, 8, 6, 9, 4, 5, 4, 4, 3, 8, 8, 2, 8, 4, 5, 4, 4, 4, 6, 3, 4, 5, 6, 3, 4, 3, 5, 7, 4, 4, 4, 5, 6, 6, 3, 3, 4, 3, 7, 4, 5, 4, 4, 4, 5, 3, 6, 3, 5, 4, 3, 7, 6, 8, 3, 4, 5, 5, 4, 8, 4, 7, 3, 5, 4, 4, 3, 3, 5, 7, 8, 6, 8, 4, 5, 4, 7, 7, 4, 3, 4, 2, 4, 4, 3, 7, 8, 4, 4, 5, 4, 7, 3, 7, 3, 4, 6, 4, 7, 6, 5, 8, 8, 5, 5, 5, 3, 4, 6, 6, 4, 4, 7, 6, 4, 4, 6, 8, 3, 7, 7, 3, 4, 4, 7, 3, 4, 3, 4, 7, 5, 3, 4, 4, 6, 4, 6, 3, 7, 3, 4, 5, 4, 7, 4, 6, 4, 3, 3, 5, 6, 3, 8, 4, 4, 4, 4, 3, 4, 4, 7, 6, 3, 5, 2, 4, 3, 7, 5, 4, 3, 9, 9, 4, 4, 5, 8, 3, 8, 6, 4, 5, 4, 3, 7, 4, 7, 4, 6, 7, 4, 5, 7, 3, 5, 7, 7, 8, 4, 4, 4, 3, 4, 5, 9, 5, 7, 4, 4, 8, 4, 4, 7, 4, 7, 7, 3, 4, 4, 3, 8, 7, 5, 5, 6, 8, 5, 5, 5, 5, 6, 4, 4, 6, 6, 3, 4, 4, 7, 4, 3, 4, 6, 8, 4, 4, 9, 4, 3, 4, 4, 5, 6, 5, 10, 3, 7, 8, 4, 4, 8, 4, 4, 6, 6, 5, 3, 5, 4, 5, 4, 5, 7, 7, 7, 8, 5, 3, 3, 3, 3, 7, 8, 3, 3, 7, 9, 4, 3, 3, 5, 6, 5, 4, 4, 4, 3, 4, 6, 4, 8, 3, 4, 5, 4, 4, 3, 4, 6, 7, 8, 7, 2, 9, 6, 5, 4, 7, 7, 8, 5, 4, 4, 4, 4, 3, 5, 7, 7, 3, 4, 4, 3, 3, 3, 3, 4, 4, 5, 5, 7, 5, 5, 4, 4, 7, 4, 5, 3, 5, 8, 3, 7, 4, 7, 5, 3, 8, 4, 7, 4, 6, 4, 6, 3, 7, 4, 3, 6, 4, 4, 4, 3, 4, 3, 4, 4, 4, 7, 7, 5, 9, 7, 3, 7, 4, 4, 3, 7, 5, 8, 3, 4, 10, 6, 4, 3, 3, 5, 6, 3, 9, 3, 7, 7, 4, 6, 4, 5, 4, 3, 7, 6, 8, 5, 7, 9, 5, 6, 7, 4, 8, 6, 3, 3, 8, 5, 5, 3, 4, 4, 4, 7, 3, 5, 9, 3, 4, 7, 4, 4, 3, 7, 4, 4, 4, 3, 3, 8, 3, 4, 8, 3, 6, 4, 6, 5, 5, 4, 3, 4, 5, 5, 3, 5, 7, 9, 4, 7, 4, 9, 4, 3, 5, 4, 3, 4, 7, 4, 4, 3, 6, 8, 7, 7, 3, 7, 5, 3, 6, 4, 6, 4, 4, 4, 4, 3, 4, 4, 3, 7, 5, 5, 6, 8, 4, 5, 3, 7, 7, 4, 7, 3, 3, 6, 4, 8, 8, 4, 4, 7, 4, 5, 3, 9, 7, 3, 3, 9, 4, 4, 6, 4, 8, 4, 4, 7, 4, 5, 6, 4, 5, 3, 3, 4, 4, 4, 3, 4, 6, 3, 5, 8, 6, 3, 5, 8, 7, 3, 5, 4, 6, 8, 4, 10, 6, 8, 4, 7, 5, 4, 4, 4, 4, 7, 7, 7, 4]
max size = 10
avg size = 5.028310502283105



KNN: **************************************************************************
size: 80



Logistic Regression: **********************************************************
size: 11



SVM: **************************************************************************
size: 11



Decision Tree: ****************************************************************
max_depth: 20
max_depth: 9
avg_depth: 7.599086757990867



Random Forest: ****************************************************************
n_estimators: 500
max_depth: 15



Dataset ------------ waveform ------------------------------------
------------------------------------------------------------------------------
Naive Bayes: ******************************************************************
size: 86



XGBoost: **********************************************************************
n_estimators = 200
max_depth = 7



IPS-KNN: **********************************************************************
[12, 6, 20, 7, 17, 21, 13, 15, 19, 15, 6, 6, 12, 15, 6, 16, 18, 18, 6, 9, 17, 21, 7, 5, 11, 12, 10, 7, 5, 7, 18, 9, 7, 18, 4, 6, 4, 6, 5, 20, 7, 8, 15, 21, 8, 10, 21, 5, 12, 21, 18, 10, 7, 17, 19, 6, 5, 6, 20, 12, 10, 18, 9, 16, 18, 16, 18, 7, 14, 8, 18, 16, 7, 16, 14, 15, 19, 14, 8, 18, 16, 15, 9, 12, 14, 6, 21, 16, 6, 7, 18, 19, 8, 20, 14, 6, 21, 11, 17, 21, 6, 13, 17, 12, 16, 21, 12, 17, 15, 19, 6, 17, 8, 15, 8, 7, 18, 20, 16, 15, 19, 15, 9, 14, 13, 17, 5, 19, 20, 15, 6, 16, 12, 6, 11, 19, 17, 17, 9, 6, 19, 11, 15, 19, 17, 7, 13, 17, 14, 18, 10, 7, 10, 11, 20, 16, 6, 16, 5, 10, 10, 6, 17, 11, 12, 10, 12, 7, 16, 16, 6, 6, 6, 6, 18, 18, 20, 7, 14, 19, 8, 11, 14, 14, 21, 20, 15, 4, 5, 17, 16, 7, 7, 18, 10, 20, 18, 20, 21, 5, 15, 5, 12, 17, 4, 7, 13, 11, 7, 17, 16, 9, 12, 7, 12, 13, 16, 19, 21, 21, 12, 13, 19, 7, 9, 5, 17, 11, 15, 15, 21, 6, 17, 14, 17, 18, 20, 19, 7, 5, 13, 14, 6, 9, 7, 20, 19, 21, 17, 16, 15, 11, 9, 13, 15, 6, 18, 16, 6, 11, 14, 17, 13, 7, 12, 7, 10, 10, 15, 18, 20, 19, 8, 8, 14, 10, 7, 12, 8, 17, 20, 4, 19, 15, 18, 6, 9, 17, 18, 7, 16, 21, 7, 19, 19, 18, 6, 19, 15, 18, 12, 9, 4, 15, 5, 15, 6, 21, 6, 18, 6, 6, 6, 6, 8, 16, 18, 9, 15, 18, 13, 19, 16, 14, 19, 5, 4, 12, 11, 16, 6, 6, 21, 13, 21, 8, 17, 12, 8, 14, 5, 6, 14, 8, 19, 5, 13, 17, 20, 5, 7, 6, 11, 17, 11, 7, 7, 19, 6, 17, 12, 7, 11, 5, 14, 18, 7, 16, 7, 18, 19, 8, 7, 7, 20, 16, 12, 10, 13, 20, 13, 12, 20, 19, 18, 6, 16, 18, 7, 7, 19, 21, 8, 12, 10, 10, 17, 19, 5, 13, 17, 19, 8, 15, 20, 8, 7, 7, 16, 19, 18, 16, 20, 5, 18, 15, 21, 6, 16, 13, 5, 19, 5, 13, 20, 9, 6, 20, 17, 20, 11, 4, 21, 16, 10, 6, 5, 11, 6, 5, 7, 11, 18, 10, 7, 6, 12, 13, 5, 8, 6, 15, 17, 21, 6, 5, 5, 6, 13, 5, 21, 17, 7, 14, 9, 16, 8, 20, 19, 10, 19, 5, 12, 16, 7, 15, 6, 16, 17, 15, 17, 17, 6, 17, 14, 19, 9, 13, 7, 11, 9, 7, 9, 6, 13, 14, 14, 7, 12, 10, 15, 9, 5, 7, 13, 4, 12, 13, 7, 7, 19, 20, 17, 7, 19, 7, 16, 16, 12, 10, 8, 7, 12, 11, 19, 20, 19, 19, 6, 21, 20, 5, 21, 7, 20, 14, 7, 10, 14, 20, 16, 21, 10, 7, 7, 19, 9, 6, 8, 20, 13, 8, 6, 5, 19, 4, 11, 17, 8, 8, 14, 18, 7, 8, 5, 13, 17, 13, 8, 15, 21, 17, 6, 12, 14, 18, 5, 21, 14, 12, 10, 4, 10, 17, 15, 14, 12, 13, 5, 17, 16, 6, 6, 5, 5, 6, 20, 20, 9, 19, 16, 10, 18, 6, 18, 10, 16, 19, 16, 17, 7, 9, 6, 14, 12, 9, 21, 9, 16, 16, 15, 21, 15, 20, 15, 8, 14, 13, 6, 13, 11, 6, 20, 6, 12, 12, 18, 16, 10, 20, 18, 6, 18, 13, 19, 19, 12, 15, 7, 20, 5, 10, 16, 17, 17, 5, 8, 21, 18, 10, 17, 12, 11, 12, 12, 21, 13, 16, 17, 8, 14, 5, 7, 10, 12, 15, 20, 20, 8, 12, 9, 6, 15, 6, 18, 9, 14, 17, 10, 15, 16, 15, 16, 9, 20, 17, 19, 12, 9, 10, 5, 7, 8, 19, 4, 17, 6, 20, 13, 9, 6, 18, 17, 17, 16, 12, 8, 18, 15, 20, 9, 19, 14, 5, 6, 6, 5, 17, 10, 17, 11, 16, 7, 19, 17, 20, 17, 12, 15, 7, 19, 19, 7, 5, 6, 20, 17, 6, 18, 12, 14, 19, 19, 17, 7, 16, 20, 5, 16, 8, 10, 6, 20, 20, 19, 12, 14, 10, 7, 20, 13, 10, 11, 16, 8, 8, 5, 20, 18, 14, 6, 14, 14, 16, 9, 18, 19, 20, 11, 20, 21, 11, 5, 7, 21, 9, 7, 5, 14, 17, 5, 21, 19, 20, 7, 18, 13, 12, 20, 16, 14, 5, 15, 9, 12, 6, 8, 8, 7, 9, 6, 11, 7, 13, 16, 12, 17, 7, 18, 7, 10, 17, 17, 15, 8, 8, 20, 15, 14, 11, 16, 15, 10, 16, 19, 19, 16, 5, 8, 11, 6, 4, 7, 8, 7, 8, 10, 21, 7, 15, 6, 21, 13, 17, 19, 20, 7, 13, 12, 7, 13, 5, 6, 19, 9, 6, 10, 7, 20, 11, 10, 19, 5, 18, 13, 8, 13, 7, 15, 7, 14, 7, 10, 9, 15, 14, 6, 6, 7, 14, 6, 14, 9, 21, 18, 11, 15, 6, 15, 18, 16, 19, 16, 18, 6, 5, 19, 21, 18, 7, 17, 11, 15, 13, 7, 8, 5, 17, 10, 19, 10, 16, 19, 12, 17, 6, 11, 17, 7, 13, 17, 14, 5, 15, 6, 9, 10, 20, 9, 10, 5, 5, 15, 21, 5, 8, 13, 19, 7, 17, 11, 13, 18, 20, 6, 6, 18, 16, 20, 6, 15, 16, 19, 17, 10, 10, 14, 16, 18, 6, 20, 6, 16, 6, 10, 6, 20, 13, 7, 21, 17, 17, 16, 13, 10, 13, 6, 8, 5, 6]
max size = 21
avg size = 12.617



KNN: **************************************************************************
size: 1470



Logistic Regression: **********************************************************
size: 22



SVM: **************************************************************************
num_supp_vecs = 1750
size: 38502



Decision Tree: ****************************************************************
max_depth: 10
max_depth: 10
avg_depth: 7.98



Random Forest: ****************************************************************
n_estimators: 1000
max_depth: 15



