Dataset ------------ wine ------------------------------------
------------------------------------------------------------------------------
Naive Bayes: ******************************************************************
size: 46



XGBoost: **********************************************************************
n_estimators = 500
max_depth = 7



IPS-KNN: **********************************************************************
[11, 11, 11, 3, 11, 2, 9, 5, 11, 11, 10, 11, 3, 5, 10, 11, 9, 11, 3, 3, 11, 11, 11, 10, 5, 11, 6, 6, 3, 3, 7, 3, 11, 10, 3, 8, 4, 11, 2, 3, 10, 3, 3, 3, 10, 11, 11, 3, 6, 3, 3, 3, 6, 3, 8, 11, 11, 8, 6, 11, 11, 9, 3, 7, 11, 11, 8, 11, 7, 11, 3, 10, 3, 3, 11, 3, 10, 3, 10, 11, 11, 11, 10, 2, 11, 4, 3, 11, 11, 11, 11, 11, 5, 11, 6, 11, 11, 3, 11, 11, 3, 7, 11, 8, 5, 10, 3, 11, 2, 11, 6, 11, 3, 7, 11, 10, 9, 11, 11, 10, 11, 9, 9, 3, 3, 11, 3, 3, 11, 2, 11, 3, 11, 11, 10, 11, 11, 11, 3, 3, 5, 7, 9, 2, 11, 4, 11, 9, 11, 11, 11, 10, 3, 11, 10, 11, 6, 11, 11, 9, 8, 11, 11, 3, 3, 7, 3, 11, 11, 9, 10, 6, 10, 11, 6, 11, 3, 11, 9, 11, 11, 7, 11, 8, 2, 11, 10, 2, 8, 3, 11, 11, 11, 3, 8, 11, 6, 2, 9, 9, 10, 4, 10, 11, 11, 10, 11, 9, 9, 3, 10, 11, 11, 11, 7, 11, 3, 3, 9, 11, 10, 11, 10, 11, 11, 11, 7, 7, 3, 11, 5, 9, 6, 11, 11, 3, 10, 10, 8, 3, 3, 3, 3, 3, 10, 11, 3, 11, 10, 5, 11, 3, 5, 11, 7, 3, 3, 11, 3, 10, 11, 11, 8, 11, 7, 11, 11, 3, 11, 11, 11, 8, 11, 2, 11, 3, 11, 3, 11, 11, 11, 3, 11, 11, 11, 10, 11, 3, 3, 3, 11, 11, 11, 9, 10, 3, 3, 11, 11, 11, 11, 9, 11, 11, 11, 3, 11, 6, 11, 10, 4, 10, 11, 3, 10, 3, 3, 10, 11, 10]
max size = 11
avg size = 7.978125



E-IPS-KNN T: ******************************************************************
[9, 6, 7, 8, 3, 3, 8, 11, 5, 10, 6, 7, 3, 7, 8, 8, 9, 10, 8, 3, 8, 7, 4, 7, 6, 7, 4, 4, 3, 6, 6, 7, 6, 5, 5, 8, 8, 8, 6, 3, 6, 4, 3, 3, 5, 7, 7, 7, 5, 6, 6, 6, 5, 6, 5, 10, 7, 4, 10, 5, 6, 11, 5, 4, 9, 8, 8, 5, 5, 6, 3, 8, 4, 3, 8, 8, 5, 7, 10, 9, 6, 8, 9, 4, 9, 4, 4, 7, 7, 7, 6, 5, 11, 11, 8, 7, 6, 8, 7, 6, 7, 5, 9, 6, 4, 7, 7, 5, 6, 6, 5, 5, 4, 5, 7, 7, 5, 8, 10, 6, 7, 5, 5, 5, 6, 9, 5, 4, 8, 9, 7, 3, 7, 11, 6, 4, 6, 4, 7, 6, 5, 9, 11, 4, 4, 4, 6, 6, 4, 7, 5, 8, 8, 7, 6, 5, 5, 5, 7, 8, 7, 7, 9, 4, 6, 9, 5, 4, 7, 7, 6, 4, 9, 4, 8, 6, 7, 5, 5, 7, 6, 7, 5, 6, 8, 8, 7, 6, 5, 4, 8, 4, 5, 4, 5, 10, 6, 8, 8, 5, 6, 4, 5, 4, 10, 5, 10, 7, 5, 6, 8, 10, 6, 7, 7, 8, 8, 5, 11, 9, 7, 6, 9, 10, 7, 6, 4, 8, 8, 6, 4, 8, 5, 10, 10, 7, 5, 9, 11, 9, 5, 5, 6, 3, 7, 6, 9, 5, 7, 4, 7, 6, 7, 7, 5, 5, 5, 5, 3, 8, 8, 6, 10, 9, 7, 6, 6, 5, 11, 9, 4, 9, 4, 10, 6, 9, 6, 5, 7, 9, 5, 5, 8, 8, 5, 6, 7, 4, 6, 5, 6, 7, 6, 5, 6, 3, 5, 7, 6, 7, 9, 8, 6, 7, 8, 3, 6, 4, 7, 7, 4, 6, 7, 3, 7, 6, 3, 6, 4, 6]
max size = 11
avg size = 6.41875



E-IPS-KNN T&F: ****************************************************************
[5, 5, 4, 4, 4, 3, 5, 11, 5, 4, 4, 5, 3, 8, 5, 9, 6, 7, 5, 3, 6, 5, 4, 5, 4, 6, 4, 4, 3, 4, 4, 3, 6, 5, 3, 5, 5, 5, 4, 3, 6, 7, 3, 3, 5, 8, 5, 7, 5, 3, 6, 5, 6, 5, 7, 8, 5, 6, 7, 6, 5, 4, 4, 4, 5, 4, 4, 4, 5, 6, 3, 7, 5, 3, 5, 4, 5, 4, 5, 4, 5, 4, 4, 4, 7, 4, 3, 3, 5, 8, 8, 5, 4, 5, 3, 10, 4, 3, 4, 5, 4, 5, 5, 5, 4, 4, 4, 5, 7, 7, 6, 4, 3, 5, 5, 5, 4, 6, 5, 6, 6, 6, 5, 4, 6, 3, 5, 4, 5, 4, 5, 3, 5, 4, 6, 7, 9, 5, 4, 3, 5, 4, 11, 3, 4, 4, 4, 5, 8, 5, 4, 4, 7, 7, 4, 5, 5, 5, 4, 8, 7, 5, 5, 4, 7, 4, 4, 5, 5, 8, 6, 4, 7, 4, 3, 6, 4, 6, 4, 6, 6, 3, 3, 6, 4, 5, 4, 7, 5, 3, 4, 4, 4, 3, 5, 8, 6, 5, 8, 6, 5, 4, 8, 4, 5, 5, 7, 5, 4, 4, 8, 7, 4, 6, 4, 5, 5, 5, 11, 5, 7, 7, 7, 5, 4, 5, 5, 8, 4, 5, 4, 5, 4, 6, 6, 3, 5, 7, 5, 5, 5, 4, 5, 3, 4, 7, 3, 5, 4, 4, 6, 5, 5, 7, 5, 5, 10, 5, 3, 6, 8, 4, 6, 5, 4, 7, 6, 4, 5, 7, 4, 4, 5, 7, 6, 5, 6, 5, 7, 6, 5, 5, 5, 6, 5, 5, 7, 3, 3, 3, 5, 5, 6, 5, 6, 3, 3, 6, 7, 4, 6, 5, 5, 4, 5, 3, 6, 4, 4, 8, 4, 4, 10, 3, 5, 4, 3, 5, 7, 5]
max size = 11
avg size = 5.0875



KNN: **************************************************************************
size: 671



Logistic Regression: **********************************************************
size: 12



SVM: **************************************************************************
num_supp_vecs = 1062
size: 12746



Decision Tree: ****************************************************************
max_depth: 15
max_depth: 10
avg_depth: 6.334375



Random Forest: ****************************************************************
n_estimators: 50
max_depth: 20



Dataset ------------ breast_cancer ------------------------------------
------------------------------------------------------------------------------
Naive Bayes: ******************************************************************
size: 122



XGBoost: **********************************************************************
n_estimators = 200
max_depth = 5



IPS-KNN: **********************************************************************
[5, 2, 3, 3, 6, 5, 6, 5, 6, 4, 4, 6, 5, 4, 4, 4, 4, 3, 8, 6, 4, 5, 3, 2, 6, 8, 4, 4, 4, 4, 6, 5, 4, 3, 4, 5, 5, 7, 6, 5, 4, 5, 5, 4, 4, 5, 4, 5, 6, 6, 5, 4, 5, 6, 4, 4, 4, 4, 5, 4, 3, 5, 5, 3, 4, 4, 10, 5, 6, 4, 4, 3, 7, 4, 4, 4, 4, 4, 4, 3, 3, 7, 4, 4, 5, 4, 3, 3, 3, 3, 4, 4, 8, 5, 5, 3, 4, 3, 5, 6, 6, 7, 3, 4, 4, 4, 2, 6, 5, 4, 4, 3, 3, 4]
max size = 10
avg size = 4.517543859649122



E-IPS-KNN T: ******************************************************************
[10, 3, 4, 4, 7, 5, 7, 5, 7, 4, 7, 6, 8, 4, 12, 5, 8, 3, 6, 12, 11, 7, 8, 5, 6, 8, 10, 4, 6, 7, 13, 5, 6, 4, 5, 7, 8, 9, 12, 5, 5, 5, 9, 4, 5, 5, 8, 7, 7, 8, 5, 6, 6, 8, 4, 3, 5, 6, 7, 8, 7, 7, 14, 5, 4, 7, 5, 7, 7, 7, 10, 8, 4, 9, 5, 4, 6, 4, 4, 3, 3, 10, 8, 8, 9, 5, 4, 7, 9, 3, 10, 5, 8, 6, 5, 3, 6, 7, 5, 5, 8, 7, 7, 6, 6, 4, 4, 6, 9, 10, 5, 3, 5, 4]
max size = 14
avg size = 6.412280701754386



E-IPS-KNN T&F: ****************************************************************
[7, 3, 4, 4, 7, 5, 8, 5, 7, 4, 5, 6, 4, 4, 6, 5, 8, 3, 4, 6, 4, 8, 8, 5, 6, 8, 8, 6, 6, 5, 7, 5, 6, 4, 5, 7, 4, 9, 7, 5, 7, 5, 9, 4, 5, 5, 8, 7, 7, 8, 5, 6, 6, 8, 4, 3, 5, 6, 7, 8, 4, 5, 6, 5, 4, 5, 5, 7, 7, 7, 12, 8, 8, 9, 5, 4, 8, 4, 4, 3, 3, 10, 8, 8, 6, 5, 4, 7, 8, 3, 10, 5, 5, 6, 5, 3, 6, 7, 5, 5, 8, 7, 8, 8, 6, 4, 4, 6, 6, 4, 5, 3, 5, 4]
max size = 12
avg size = 5.859649122807017



KNN: **************************************************************************
size: 150



Logistic Regression: **********************************************************
size: 31



SVM: **************************************************************************
size: 31



Decision Tree: ****************************************************************
max_depth: 5
max_depth: 5
avg_depth: 3.692982456140351



Random Forest: ****************************************************************
n_estimators: 100
max_depth: 10



Dataset ------------ rice ------------------------------------
------------------------------------------------------------------------------
Naive Bayes: ******************************************************************
size: 30



XGBoost: **********************************************************************
n_estimators = 100
max_depth = 3



IPS-KNN: **********************************************************************
[6, 2, 3, 3, 3, 6, 2, 3, 7, 6, 3, 3, 5, 7, 4, 2, 2, 3, 3, 3, 6, 6, 4, 3, 4, 5, 6, 4, 4, 4, 4, 2, 3, 3, 3, 3, 3, 2, 3, 3, 3, 3, 4, 5, 5, 2, 3, 6, 3, 6, 5, 3, 5, 3, 3, 3, 3, 2, 7, 3, 6, 3, 3, 2, 3, 3, 5, 4, 3, 7, 6, 3, 3, 7, 3, 3, 2, 3, 3, 3, 2, 3, 7, 3, 6, 6, 4, 5, 5, 5, 6, 3, 2, 5, 7, 4, 4, 4, 4, 4, 2, 4, 3, 6, 3, 3, 4, 2, 5, 2, 3, 7, 3, 4, 2, 4, 7, 2, 3, 5, 3, 5, 5, 6, 4, 3, 3, 6, 5, 3, 2, 3, 6, 4, 3, 3, 3, 3, 6, 6, 2, 7, 2, 3, 3, 7, 3, 3, 3, 3, 3, 4, 5, 3, 6, 5, 4, 6, 3, 2, 5, 6, 3, 3, 3, 3, 7, 2, 6, 3, 2, 6, 3, 4, 3, 3, 7, 4, 5, 3, 4, 3, 2, 6, 3, 6, 3, 3, 3, 5, 3, 2, 5, 3, 4, 2, 6, 3, 3, 3, 5, 7, 4, 4, 3, 3, 7, 2, 3, 4, 4, 5, 4, 7, 5, 2, 5, 2, 3, 6, 3, 3, 3, 6, 3, 7, 6, 7, 2, 2, 5, 5, 3, 5, 3, 2, 4, 5, 6, 4, 5, 3, 3, 6, 3, 3, 4, 2, 3, 7, 7, 4, 2, 3, 7, 3, 3, 4, 3, 3, 3, 7, 4, 4, 6, 3, 4, 3, 5, 2, 6, 5, 5, 6, 4, 7, 6, 5, 3, 3, 3, 5, 3, 3, 6, 4, 3, 6, 5, 2, 2, 2, 4, 5, 3, 6, 2, 3, 3, 3, 6, 3, 2, 4, 6, 3, 3, 5, 3, 3, 4, 6, 3, 3, 2, 4, 6, 4, 6, 7, 5, 4, 6, 3, 7, 3, 3, 4, 4, 4, 7, 3, 2, 3, 3, 2, 5, 3, 5, 2, 2, 7, 2, 7, 2, 6, 3, 3, 6, 3, 3, 6, 3, 4, 4, 2, 3, 3, 3, 6, 7, 3, 3, 3, 3, 7, 5, 6, 6, 3, 4, 6, 6, 4, 4, 2, 4, 2, 4, 3, 3, 4, 4, 6, 6, 6, 4, 3, 3, 3, 3, 5, 6, 6, 5, 3, 4, 3, 5, 6, 2, 3, 4, 2, 5, 3, 3, 3, 3, 3, 3, 5, 5, 3, 3, 5, 3, 3, 6, 6, 6, 4, 2, 3, 7, 5, 3, 6, 4, 3, 7, 4, 3, 3, 3, 3, 4, 6, 3, 2, 3, 3, 3, 3, 5, 3, 6, 3, 3, 4, 3, 5, 2, 3, 6, 3, 5, 5, 3, 6, 5, 5, 6, 4, 7, 4, 2, 4, 4, 6, 2, 4, 5, 3, 6, 3, 3, 3, 3, 5, 6, 3, 2, 4, 5, 6, 4, 6, 3, 3, 6, 3, 5, 3, 3, 7, 6, 2, 4, 6, 4, 6, 3, 4, 5, 3, 3, 3, 5, 4, 7, 2, 6, 4, 4, 3, 6, 7, 6, 4, 4, 3, 3, 3, 3, 3, 3, 3, 2, 3, 2, 6, 5, 4, 3, 5, 3, 2, 4, 3, 3, 4, 3, 3, 3, 3, 4, 4, 7, 6, 3, 5, 2, 6, 5, 7, 5, 2, 5, 3, 3, 4, 4, 6, 6, 3, 5, 6, 3, 5, 3, 3, 3, 2, 3, 2, 6, 6, 6, 6, 7, 6, 3, 2, 5, 2, 2, 3, 4, 3, 3, 4, 2, 4, 4, 5, 7, 3, 3, 3, 4, 7, 5, 4, 3, 6, 6, 5, 6, 7, 3, 2, 4, 3, 3, 4, 3, 4, 6, 3, 3, 4, 3, 4, 6, 3, 3, 6, 3, 5, 4, 6, 4, 6, 3, 3, 6, 3, 3, 7, 6, 3, 6, 4, 3, 5, 7, 3, 4, 7, 3, 3, 3, 3, 7, 7, 4, 3, 5, 3, 2, 2, 5, 3, 3, 3, 5, 3, 3, 6, 6, 2, 3, 2, 3, 7, 3, 7, 5, 4, 7, 3, 2, 6, 3, 3, 3, 3, 2, 3, 3, 6, 6, 4, 6, 7, 3, 5, 4, 6, 6, 3, 7, 3, 3, 6, 3, 3, 2, 2, 4, 4, 3, 5, 3, 6, 3, 4, 4, 4, 3, 6, 3, 6, 3, 3, 5, 3, 7, 3, 3, 6, 3, 6, 6, 7, 5, 2, 6, 4, 3, 5, 4, 4, 2, 6, 3, 3, 2, 6, 3, 3, 6, 4, 3, 3, 3, 7, 3, 3, 6, 2]
max size = 7
avg size = 4.039370078740157



E-IPS-KNN T: ******************************************************************
[6, 4, 2, 3, 4, 6, 2, 5, 5, 6, 6, 7, 7, 4, 5, 3, 6, 6, 4, 4, 6, 6, 6, 4, 6, 5, 6, 6, 4, 4, 4, 4, 6, 3, 4, 6, 7, 4, 3, 4, 3, 4, 6, 7, 5, 4, 3, 3, 3, 5, 4, 3, 6, 6, 6, 6, 5, 3, 6, 4, 6, 6, 3, 3, 4, 4, 5, 6, 3, 4, 4, 2, 4, 7, 5, 4, 2, 7, 4, 4, 3, 6, 4, 4, 4, 6, 7, 6, 6, 7, 6, 6, 5, 5, 6, 6, 4, 3, 3, 5, 6, 7, 4, 6, 3, 3, 5, 6, 5, 3, 6, 4, 4, 6, 6, 4, 4, 4, 3, 5, 5, 6, 5, 6, 3, 6, 5, 5, 5, 6, 5, 5, 5, 3, 5, 3, 7, 6, 6, 7, 3, 7, 3, 6, 6, 7, 4, 6, 3, 4, 5, 4, 5, 3, 6, 6, 6, 6, 3, 4, 5, 4, 7, 3, 7, 5, 5, 3, 5, 5, 3, 4, 6, 3, 7, 3, 5, 4, 7, 5, 3, 3, 3, 6, 4, 6, 6, 6, 5, 3, 4, 2, 6, 3, 5, 5, 5, 2, 6, 3, 6, 4, 6, 6, 4, 6, 4, 4, 5, 3, 3, 5, 6, 5, 6, 4, 4, 3, 6, 6, 7, 3, 6, 4, 3, 7, 6, 7, 2, 2, 5, 5, 3, 6, 4, 4, 3, 4, 5, 5, 7, 3, 3, 4, 7, 4, 5, 5, 4, 5, 6, 6, 3, 4, 5, 4, 6, 5, 3, 3, 4, 7, 4, 6, 6, 3, 6, 3, 5, 2, 3, 7, 6, 5, 4, 6, 5, 6, 6, 3, 6, 4, 6, 7, 3, 3, 4, 6, 7, 2, 4, 6, 4, 5, 3, 3, 4, 6, 4, 4, 4, 4, 4, 3, 5, 3, 5, 4, 6, 3, 4, 6, 4, 4, 2, 7, 4, 7, 5, 6, 6, 6, 6, 6, 5, 5, 2, 4, 5, 7, 4, 3, 4, 4, 4, 3, 6, 3, 7, 3, 4, 4, 7, 6, 3, 5, 4, 4, 4, 5, 3, 6, 6, 5, 6, 2, 4, 3, 7, 6, 7, 3, 3, 3, 5, 5, 6, 6, 6, 6, 5, 6, 4, 6, 6, 6, 4, 2, 3, 5, 3, 5, 6, 5, 6, 4, 6, 6, 4, 3, 3, 5, 5, 6, 5, 7, 6, 3, 6, 6, 6, 4, 4, 3, 4, 4, 3, 3, 3, 6, 3, 6, 4, 6, 4, 6, 6, 3, 5, 3, 4, 6, 3, 4, 7, 5, 5, 4, 5, 5, 7, 3, 7, 4, 4, 4, 6, 6, 3, 4, 3, 5, 4, 6, 6, 3, 3, 4, 4, 3, 6, 5, 6, 3, 7, 3, 6, 6, 3, 3, 4, 4, 5, 6, 4, 6, 3, 4, 4, 7, 2, 6, 6, 3, 6, 6, 4, 3, 4, 5, 5, 3, 2, 5, 5, 6, 5, 7, 6, 6, 6, 3, 6, 5, 2, 5, 6, 3, 6, 7, 6, 7, 3, 4, 6, 5, 6, 6, 5, 7, 4, 2, 4, 4, 6, 6, 5, 4, 6, 5, 5, 6, 4, 4, 4, 3, 3, 3, 2, 3, 5, 6, 2, 7, 4, 7, 7, 3, 3, 3, 5, 7, 7, 3, 4, 4, 6, 5, 3, 7, 3, 6, 3, 7, 6, 4, 4, 3, 3, 6, 5, 5, 7, 7, 6, 6, 4, 6, 6, 7, 3, 3, 7, 3, 3, 5, 5, 6, 3, 5, 6, 6, 3, 4, 7, 3, 3, 4, 6, 5, 4, 5, 3, 5, 6, 3, 7, 6, 3, 3, 6, 6, 3, 5, 4, 6, 4, 6, 5, 6, 3, 3, 6, 6, 3, 4, 6, 3, 6, 5, 4, 4, 5, 3, 4, 5, 5, 5, 2, 3, 6, 6, 6, 5, 5, 3, 6, 6, 5, 6, 4, 4, 6, 6, 4, 6, 7, 6, 4, 4, 3, 4, 4, 7, 7, 6, 6, 3, 4, 6, 2, 3, 4, 6, 4, 6, 4, 3, 4, 6, 6, 3, 3, 3, 3, 4, 6, 6, 6, 4, 5, 2, 3, 7, 3, 7, 3, 5, 2, 3, 5, 6, 6, 6, 6, 4, 4, 7, 3, 5, 6, 6, 4, 3, 3, 4, 5, 6, 5, 2, 6, 6, 6, 3, 5, 6, 6, 4, 6, 6, 6, 6, 3, 4, 6, 4, 6, 4, 5, 3, 5, 6, 6, 5, 3, 4, 4, 3, 6, 6, 3, 5, 4, 4, 4, 5, 7, 4, 2, 4, 3, 5, 6, 3, 5, 3, 3, 4, 5, 6, 4, 7]
max size = 7
avg size = 4.707349081364829



E-IPS-KNN T&F: ****************************************************************
[3, 4, 2, 3, 4, 6, 2, 5, 5, 4, 6, 3, 6, 3, 3, 3, 6, 6, 4, 6, 4, 3, 4, 4, 6, 6, 5, 6, 4, 4, 4, 4, 6, 3, 4, 6, 3, 2, 3, 4, 3, 4, 6, 4, 3, 6, 3, 3, 3, 5, 4, 3, 6, 6, 3, 4, 5, 3, 4, 6, 6, 6, 4, 3, 4, 3, 5, 4, 3, 3, 3, 2, 4, 7, 5, 4, 2, 7, 4, 4, 3, 6, 3, 4, 4, 4, 3, 5, 6, 4, 3, 6, 5, 2, 3, 3, 4, 3, 3, 5, 6, 5, 4, 6, 3, 3, 5, 6, 3, 3, 6, 6, 3, 5, 6, 4, 6, 4, 3, 2, 5, 6, 5, 5, 3, 6, 3, 5, 3, 6, 5, 5, 3, 3, 5, 3, 7, 6, 6, 6, 3, 4, 3, 6, 6, 3, 3, 3, 3, 4, 5, 4, 5, 3, 5, 3, 6, 3, 3, 4, 5, 6, 7, 3, 5, 5, 5, 3, 4, 5, 3, 3, 6, 3, 3, 3, 3, 4, 3, 4, 5, 3, 3, 6, 5, 4, 6, 6, 5, 3, 4, 2, 3, 3, 3, 5, 5, 2, 6, 3, 6, 3, 6, 6, 4, 5, 2, 4, 5, 3, 3, 6, 4, 6, 6, 4, 3, 3, 6, 4, 3, 3, 6, 4, 3, 4, 6, 6, 2, 2, 3, 5, 3, 6, 6, 4, 3, 4, 5, 3, 7, 3, 3, 4, 3, 4, 5, 5, 6, 4, 3, 6, 3, 4, 4, 4, 6, 5, 3, 3, 4, 4, 4, 6, 7, 3, 6, 3, 3, 2, 6, 7, 6, 4, 4, 3, 3, 3, 6, 3, 6, 4, 3, 7, 3, 3, 4, 6, 3, 2, 4, 6, 4, 5, 3, 3, 4, 4, 4, 4, 4, 4, 4, 3, 4, 3, 5, 5, 6, 3, 4, 4, 4, 3, 2, 7, 3, 7, 4, 4, 6, 6, 5, 3, 4, 5, 2, 4, 5, 7, 3, 3, 4, 4, 3, 3, 6, 3, 6, 3, 4, 4, 7, 3, 3, 6, 4, 4, 3, 5, 3, 3, 3, 4, 6, 2, 4, 3, 7, 2, 7, 3, 3, 3, 5, 6, 3, 6, 6, 6, 5, 6, 6, 6, 3, 6, 5, 2, 3, 5, 3, 4, 6, 4, 6, 4, 5, 6, 4, 6, 3, 5, 3, 4, 6, 7, 6, 3, 6, 4, 6, 4, 5, 3, 6, 4, 3, 3, 3, 6, 3, 6, 6, 6, 5, 6, 6, 3, 3, 3, 5, 6, 3, 4, 6, 5, 5, 4, 5, 3, 5, 6, 7, 3, 4, 4, 6, 6, 3, 4, 3, 5, 4, 6, 6, 3, 3, 4, 4, 3, 6, 5, 6, 3, 7, 3, 6, 6, 3, 3, 4, 5, 3, 3, 3, 6, 3, 4, 4, 3, 2, 6, 4, 3, 6, 7, 4, 3, 4, 3, 7, 3, 2, 5, 5, 7, 5, 6, 3, 6, 3, 3, 5, 5, 2, 3, 6, 3, 6, 3, 6, 7, 3, 4, 7, 5, 6, 3, 5, 7, 4, 2, 4, 6, 6, 4, 7, 6, 6, 5, 6, 6, 4, 4, 4, 3, 3, 3, 2, 3, 5, 4, 2, 4, 4, 4, 4, 3, 3, 3, 5, 7, 3, 3, 4, 4, 6, 3, 3, 7, 3, 4, 3, 5, 6, 4, 4, 3, 3, 6, 5, 5, 7, 7, 6, 6, 3, 6, 3, 5, 3, 3, 7, 3, 3, 5, 4, 6, 3, 7, 4, 3, 3, 4, 4, 3, 3, 4, 6, 5, 4, 5, 3, 5, 3, 5, 3, 6, 3, 3, 6, 4, 3, 4, 3, 3, 4, 6, 5, 4, 3, 3, 6, 3, 3, 4, 4, 3, 6, 5, 4, 4, 3, 3, 4, 5, 5, 6, 2, 3, 6, 3, 6, 3, 5, 3, 4, 6, 5, 6, 4, 4, 6, 6, 4, 5, 4, 6, 4, 4, 3, 4, 4, 4, 7, 6, 6, 3, 4, 6, 2, 3, 4, 4, 4, 6, 4, 3, 4, 4, 6, 3, 3, 3, 3, 4, 6, 3, 4, 3, 3, 2, 3, 6, 3, 7, 3, 3, 2, 6, 5, 6, 6, 4, 5, 4, 4, 3, 3, 6, 3, 6, 3, 3, 3, 5, 5, 6, 5, 2, 6, 4, 6, 3, 5, 6, 6, 4, 6, 6, 6, 5, 3, 6, 6, 4, 3, 4, 3, 3, 5, 4, 6, 3, 6, 3, 5, 3, 3, 6, 3, 6, 4, 4, 4, 5, 5, 4, 2, 4, 3, 5, 6, 3, 5, 3, 3, 4, 5, 6, 5, 7]
max size = 7
avg size = 4.309711286089239



KNN: **************************************************************************
size: 175



Logistic Regression: **********************************************************
size: 8



SVM: **************************************************************************
num_supp_vecs = 737
size: 5898



Decision Tree: ****************************************************************
max_depth: 5
max_depth: 1
avg_depth: 1.0



Random Forest: ****************************************************************
n_estimators: 10
max_depth: 5



Dataset ------------ sonar ------------------------------------
------------------------------------------------------------------------------
Naive Bayes: ******************************************************************
size: 242



XGBoost: **********************************************************************
n_estimators = 100
max_depth = 3



IPS-KNN: **********************************************************************
[4, 2, 6, 4, 3, 4, 4, 5, 6, 2, 5, 5, 4, 4, 3, 5, 2, 7, 3, 6, 4, 3, 4, 5, 3, 4, 4, 5, 3, 6, 6, 5, 6, 4, 3, 5, 5, 3, 3, 3, 3, 4]
max size = 7
avg size = 4.166666666666667



E-IPS-KNN T: ******************************************************************
[5, 8, 6, 5, 4, 3, 4, 4, 7, 5, 4, 7, 6, 5, 3, 3, 6, 5, 5, 3, 4, 6, 5, 4, 4, 4, 3, 5, 6, 6, 4, 4, 7, 4, 5, 9, 4, 6, 5, 4, 5, 3]
max size = 9
avg size = 4.880952380952381



E-IPS-KNN T&F: ****************************************************************
[5, 8, 6, 5, 4, 3, 4, 4, 7, 5, 4, 7, 6, 5, 3, 3, 6, 5, 5, 3, 4, 6, 4, 4, 4, 4, 3, 5, 6, 6, 6, 4, 7, 4, 5, 9, 4, 6, 4, 5, 5, 4]
max size = 9
avg size = 4.928571428571429



KNN: **************************************************************************
size: 60



Logistic Regression: **********************************************************
size: 61



SVM: **************************************************************************
num_supp_vecs = 100
size: 6102



Decision Tree: ****************************************************************
max_depth: 5
max_depth: 5
avg_depth: 4.238095238095238



Random Forest: ****************************************************************
n_estimators: 50
max_depth: 10



Dataset ------------ parkinsons ------------------------------------
------------------------------------------------------------------------------
Naive Bayes: ******************************************************************
size: 90



XGBoost: **********************************************************************
n_estimators = 200
max_depth = 5



IPS-KNN: **********************************************************************
[5, 6, 3, 10, 3, 4, 4, 4, 4, 4, 3, 3, 4, 6, 3, 6, 3, 3, 3, 4, 3, 3, 5, 3, 3, 2, 4, 4, 4, 3, 2, 4, 3, 5, 6, 4, 2, 6, 3]
max size = 10
avg size = 3.948717948717949



E-IPS-KNN T: ******************************************************************
[4, 3, 4, 6, 8, 4, 5, 6, 4, 8, 6, 4, 6, 6, 10, 8, 4, 4, 4, 3, 6, 4, 7, 8, 6, 7, 11, 4, 5, 2, 3, 4, 3, 3, 10, 3, 4, 6, 3]
max size = 11
avg size = 5.282051282051282



E-IPS-KNN T&F: ****************************************************************
[4, 8, 16, 8, 8, 4, 5, 6, 5, 13, 6, 4, 6, 16, 10, 8, 8, 4, 4, 3, 6, 4, 7, 8, 6, 7, 11, 7, 5, 2, 6, 4, 5, 3, 10, 4, 4, 17, 4]
max size = 17
avg size = 6.82051282051282



KNN: **************************************************************************
size: 88



Logistic Regression: **********************************************************
size: 23



SVM: **************************************************************************
num_supp_vecs = 73
size: 1681



Decision Tree: ****************************************************************
max_depth: 5
max_depth: 5
avg_depth: 4.076923076923077



Random Forest: ****************************************************************
n_estimators: 20
max_depth: 5



Dataset ------------ spam ------------------------------------
------------------------------------------------------------------------------
Naive Bayes: ******************************************************************
size: 230



XGBoost: **********************************************************************
n_estimators = 1000
max_depth = 7



IPS-KNN: **********************************************************************
[33, 18, 19, 9, 13, 26, 23, 11, 39, 25, 44, 39, 25, 21, 23, 24, 23, 55, 14, 27, 13, 19, 27, 34, 35, 22, 26, 35, 26, 14, 23, 28, 34, 34, 20, 30, 18, 24, 44, 54, 24, 40, 17, 18, 26, 32, 18, 19, 27, 20, 27, 27, 50, 34, 30, 12, 15, 20, 24, 18, 33, 27, 27, 25, 23, 43, 23, 26, 29, 36, 16, 24, 19, 22, 45, 43, 50, 29, 23, 54, 15, 40, 10, 26, 29, 25, 25, 43, 38, 20, 37, 22, 25, 22, 23, 25, 17, 28, 23, 24, 27, 37, 18, 17, 20, 29, 27, 22, 43, 34, 26, 23, 27, 19, 32, 17, 57, 15, 14, 19, 28, 24, 30, 25, 27, 15, 22, 23, 23, 18, 34, 43, 24, 31, 34, 15, 24, 22, 37, 44, 31, 34, 30, 26, 30, 19, 23, 24, 15, 30, 13, 23, 27, 24, 26, 16, 24, 16, 21, 18, 19, 32, 20, 37, 15, 26, 18, 27, 28, 38, 37, 45, 24, 28, 48, 30, 18, 12, 18, 11, 14, 18, 20, 20, 26, 22, 17, 15, 20, 27, 43, 19, 36, 22, 18, 27, 17, 34, 25, 21, 25, 30, 30, 20, 27, 28, 19, 22, 11, 31, 19, 34, 21, 29, 25, 29, 30, 33, 25, 30, 43, 27, 24, 20, 34, 44, 21, 16, 28, 21, 15, 34, 22, 31, 14, 27, 17, 39, 27, 24, 17, 24, 33, 16, 23, 23, 30, 19, 26, 19, 20, 13, 32, 48, 24, 21, 48, 38, 39, 26, 14, 12, 26, 15, 29, 10, 26, 12, 22, 10, 31, 20, 21, 32, 21, 18, 23, 23, 13, 27, 19, 40, 17, 26, 15, 13, 29, 32, 22, 18, 26, 28, 28, 18, 38, 37, 19, 18, 17, 24, 36, 22, 28, 23, 15, 24, 12, 38, 17, 15, 34, 25, 30, 23, 39, 37, 30, 21, 31, 15, 37, 21, 21, 11, 22, 29, 21, 25, 38, 25, 26, 21, 22, 48, 15, 27, 25, 28, 23, 15, 35, 30, 40, 22, 46, 30, 24, 22, 30, 28, 33, 26, 34, 23, 22, 32, 14, 44, 22, 35, 15, 24, 23, 17, 43, 21, 13, 20, 18, 15, 26, 16, 30, 14, 19, 39, 18, 27, 18, 35, 34, 18, 20, 29, 56, 18, 29, 39, 55, 24, 31, 19, 15, 20, 17, 31, 19, 46, 24, 38, 27, 27, 20, 10, 49, 20, 22, 34, 22, 19, 22, 31, 19, 29, 24, 54, 38, 15, 23, 24, 23, 35, 23, 20, 23, 27, 50, 36, 22, 19, 33, 21, 31, 54, 22, 29, 17, 12, 26, 30, 28, 24, 22, 26, 20, 43, 34, 20, 13, 17, 14, 15, 27, 20, 35, 49, 34, 26, 26, 24, 27, 24, 25, 15, 16, 22, 34, 27, 16, 31, 20, 38, 19, 24, 10, 15, 21, 19, 22, 28, 39, 24, 30, 21, 16, 55, 27, 16, 23, 28, 21, 21, 24, 28, 13, 15, 34, 10, 20, 17, 23, 23, 25, 23, 23, 27, 29, 14, 14, 22, 18, 21, 24, 24, 27, 12, 17, 22, 15, 50, 10, 25, 21, 36, 38, 40, 18, 17, 18, 15, 24, 23, 32, 32, 49, 22, 25, 17, 24, 42, 29, 23, 22, 23, 34, 23, 25, 25, 44, 33, 22, 27, 27, 34, 21, 24, 15, 20, 13, 54, 36, 20, 50, 20, 14, 22, 15, 29, 19, 21, 21, 23, 20, 21, 34, 12, 14, 24, 28, 24, 27, 26, 23, 19, 22, 17, 32, 22, 18, 31, 20, 15, 21, 12, 14, 36, 49, 19, 16, 26, 39, 32, 46, 16, 24, 38, 39, 24, 25, 11, 27, 18, 20, 13, 13, 27, 18, 22, 34, 20, 16, 15, 30, 40, 48, 23, 22, 37, 41, 16, 18, 29, 18, 22, 24, 13, 31, 20, 28, 16, 40, 19, 16, 11, 24, 21, 21, 27, 34, 26, 22, 31, 12, 22, 30, 24, 22, 30, 10, 20, 25, 28, 38, 17, 15, 19, 37, 25, 17, 54, 14, 18, 14, 14, 27, 26, 19, 16, 20, 20, 30, 20, 27, 18, 26, 20, 13, 46, 16, 21, 29, 14, 21, 20, 23, 19, 21, 31, 28, 30, 20, 23, 27, 33, 23, 24, 25, 28, 21, 26, 25, 18, 27, 34, 14, 23, 39, 26, 22, 54, 17, 27, 55, 16, 17, 21, 18, 16, 20, 34, 13, 34, 21, 54, 17, 39, 22, 23, 24, 55, 19, 18, 34, 22, 18, 24, 18, 17, 25, 28, 22, 27, 22, 20, 21, 25, 18, 30, 21, 38, 23, 10, 22, 17, 25, 12, 34, 43, 29, 18, 17, 30, 25, 24, 23, 13, 13, 20, 39, 30, 28, 22, 17, 22, 32, 48, 43, 23, 24, 27, 24, 17, 23, 28, 19, 23, 30, 20, 21, 25, 43, 16, 28, 23, 34, 12, 14, 22, 13, 21, 24, 26, 25, 17, 22, 16, 27, 18, 18, 25, 28, 25, 30, 25, 26, 15, 24, 18, 23, 21, 31, 23, 32, 48, 19, 34, 24, 37, 25, 31, 44, 21, 15, 11, 23, 27, 19, 31, 13, 27, 25, 17, 15, 21, 17, 18, 23, 22, 24, 33, 28, 30, 27, 13, 32, 29, 25, 25, 16, 30, 20, 21, 25, 48, 18, 12, 24, 31, 21, 34, 27, 36, 13, 15, 48, 45, 49, 19, 27, 29, 37, 30, 57, 37, 25, 46, 24, 20, 24, 17, 21, 28, 30, 38, 25, 21, 30, 19, 26, 42, 28, 19, 23, 37, 27, 13, 28, 32, 14, 20, 50]
max size = 57
avg size = 25.407166123778502



E-IPS-KNN T: ******************************************************************
[46, 30, 22, 12, 18, 38, 20, 22, 34, 25, 20, 57, 26, 46, 36, 30, 44, 55, 21, 26, 9, 21, 30, 34, 21, 24, 28, 25, 27, 18, 23, 27, 34, 34, 15, 29, 34, 18, 30, 54, 34, 45, 17, 17, 24, 30, 16, 26, 26, 22, 29, 28, 22, 34, 29, 19, 21, 20, 12, 18, 30, 29, 22, 44, 24, 38, 48, 47, 12, 22, 17, 25, 24, 43, 21, 30, 50, 34, 27, 27, 21, 25, 14, 16, 44, 29, 25, 41, 45, 17, 37, 22, 31, 35, 22, 25, 14, 42, 24, 24, 22, 20, 22, 14, 20, 28, 30, 16, 24, 44, 34, 12, 22, 21, 32, 20, 34, 22, 15, 36, 25, 31, 16, 57, 26, 15, 44, 23, 23, 25, 34, 35, 23, 32, 34, 49, 27, 19, 25, 44, 32, 34, 28, 21, 19, 39, 18, 24, 15, 14, 14, 33, 21, 18, 35, 26, 24, 16, 23, 14, 19, 28, 28, 42, 10, 26, 32, 24, 37, 55, 35, 31, 24, 55, 48, 20, 15, 18, 18, 21, 16, 17, 22, 15, 29, 23, 16, 17, 15, 30, 51, 15, 31, 29, 18, 28, 16, 31, 27, 22, 24, 23, 30, 30, 38, 40, 16, 18, 38, 48, 33, 34, 20, 22, 25, 27, 30, 20, 33, 23, 18, 26, 34, 23, 34, 42, 27, 19, 15, 23, 25, 34, 49, 20, 17, 15, 34, 51, 37, 18, 22, 15, 23, 37, 25, 40, 22, 16, 29, 16, 23, 7, 24, 48, 21, 23, 16, 39, 39, 15, 18, 42, 16, 19, 54, 21, 17, 16, 26, 32, 28, 15, 22, 34, 14, 13, 33, 26, 20, 19, 27, 40, 16, 23, 14, 17, 29, 53, 26, 45, 17, 26, 28, 34, 37, 37, 18, 19, 29, 24, 33, 18, 15, 26, 14, 26, 28, 26, 16, 17, 34, 49, 25, 24, 16, 27, 30, 17, 26, 18, 28, 18, 39, 11, 25, 52, 33, 19, 35, 25, 18, 26, 26, 18, 16, 41, 18, 16, 38, 12, 22, 21, 31, 18, 47, 21, 24, 26, 27, 29, 19, 20, 34, 22, 27, 25, 25, 33, 9, 22, 20, 16, 37, 25, 43, 29, 18, 20, 19, 24, 16, 12, 29, 14, 26, 44, 16, 36, 29, 22, 34, 31, 21, 15, 16, 26, 40, 23, 15, 24, 23, 54, 15, 13, 14, 25, 21, 8, 35, 35, 26, 14, 22, 13, 49, 24, 14, 34, 24, 23, 16, 30, 14, 39, 24, 35, 50, 20, 21, 24, 23, 35, 12, 28, 25, 26, 49, 42, 49, 27, 33, 21, 19, 21, 24, 47, 22, 35, 27, 27, 35, 17, 31, 30, 24, 17, 31, 18, 13, 19, 21, 16, 28, 19, 46, 17, 25, 20, 31, 23, 46, 27, 23, 11, 30, 19, 43, 27, 16, 22, 20, 52, 18, 24, 10, 14, 16, 24, 19, 30, 39, 28, 30, 26, 21, 20, 27, 16, 30, 29, 17, 13, 20, 24, 21, 15, 34, 9, 20, 17, 18, 23, 25, 24, 36, 37, 18, 22, 13, 22, 23, 23, 24, 36, 26, 14, 18, 23, 22, 50, 14, 27, 24, 23, 38, 40, 22, 16, 17, 17, 23, 28, 48, 23, 51, 16, 28, 19, 24, 11, 44, 21, 22, 29, 34, 40, 16, 47, 45, 29, 22, 36, 24, 41, 19, 25, 19, 16, 20, 26, 31, 34, 31, 18, 18, 20, 15, 26, 27, 22, 22, 10, 39, 31, 33, 23, 14, 26, 16, 34, 30, 23, 22, 24, 30, 14, 19, 25, 19, 40, 25, 15, 25, 21, 9, 24, 51, 22, 14, 19, 39, 23, 18, 16, 24, 21, 45, 22, 25, 14, 48, 18, 21, 32, 13, 12, 21, 27, 20, 25, 30, 25, 27, 40, 31, 14, 10, 34, 41, 19, 7, 29, 14, 18, 14, 17, 25, 13, 21, 33, 53, 18, 18, 14, 14, 41, 21, 25, 34, 38, 23, 28, 18, 38, 35, 24, 23, 30, 22, 20, 39, 38, 35, 9, 24, 28, 20, 25, 22, 29, 24, 18, 31, 16, 23, 28, 22, 24, 30, 24, 30, 18, 26, 47, 16, 24, 18, 40, 17, 20, 18, 22, 20, 17, 16, 18, 22, 33, 20, 24, 18, 25, 27, 36, 23, 22, 24, 27, 29, 26, 12, 15, 43, 34, 13, 32, 24, 20, 22, 22, 15, 33, 18, 14, 26, 25, 20, 18, 26, 34, 23, 34, 18, 46, 19, 39, 10, 24, 23, 55, 20, 49, 39, 21, 23, 27, 39, 22, 24, 27, 22, 24, 23, 7, 24, 16, 13, 21, 22, 48, 23, 16, 16, 26, 26, 17, 34, 38, 50, 13, 27, 30, 39, 19, 23, 18, 20, 23, 39, 39, 15, 24, 18, 24, 19, 32, 41, 21, 31, 26, 20, 16, 11, 15, 30, 21, 26, 22, 14, 19, 20, 16, 23, 24, 34, 21, 15, 19, 20, 30, 25, 26, 25, 23, 17, 40, 26, 25, 23, 25, 18, 26, 49, 29, 27, 14, 42, 23, 14, 19, 36, 13, 38, 50, 26, 34, 33, 28, 25, 31, 15, 23, 21, 27, 27, 26, 24, 24, 14, 51, 34, 20, 24, 12, 18, 17, 55, 18, 23, 15, 27, 19, 31, 11, 32, 29, 29, 16, 22, 30, 20, 16, 19, 34, 12, 11, 24, 30, 24, 34, 22, 37, 17, 20, 35, 36, 33, 26, 42, 29, 54, 35, 22, 38, 21, 39, 36, 15, 46, 37, 19, 29, 25, 38, 25, 52, 26, 39, 30, 39, 26, 25, 29, 38, 22, 18, 27, 17, 9, 22, 34]
max size = 57
avg size = 25.926167209554833



E-IPS-KNN T&F: ****************************************************************
[46, 28, 22, 12, 18, 38, 20, 22, 34, 25, 20, 20, 26, 46, 13, 30, 44, 55, 21, 26, 9, 21, 30, 34, 21, 24, 28, 25, 27, 18, 23, 27, 34, 34, 23, 29, 34, 18, 44, 54, 34, 45, 17, 17, 24, 30, 15, 26, 26, 22, 29, 28, 22, 34, 29, 19, 21, 20, 12, 18, 30, 29, 22, 44, 24, 38, 48, 47, 12, 22, 17, 25, 24, 43, 21, 30, 50, 34, 27, 27, 14, 25, 14, 16, 44, 29, 25, 41, 45, 17, 37, 22, 31, 35, 22, 25, 14, 35, 24, 24, 22, 20, 22, 14, 20, 28, 30, 16, 24, 44, 34, 12, 22, 21, 29, 20, 34, 22, 15, 36, 25, 31, 16, 57, 26, 15, 44, 23, 23, 25, 34, 35, 20, 32, 34, 49, 25, 19, 25, 44, 32, 34, 28, 21, 19, 39, 18, 24, 15, 14, 14, 33, 21, 18, 35, 26, 24, 16, 18, 14, 19, 28, 28, 42, 10, 23, 32, 24, 37, 55, 35, 31, 24, 55, 48, 18, 15, 18, 18, 21, 16, 17, 22, 15, 29, 23, 16, 17, 15, 30, 51, 15, 31, 29, 18, 28, 16, 57, 27, 22, 24, 23, 30, 30, 38, 40, 16, 18, 38, 48, 33, 34, 20, 22, 25, 27, 30, 20, 33, 23, 18, 26, 34, 23, 34, 42, 27, 19, 15, 23, 25, 34, 49, 20, 17, 15, 34, 51, 37, 20, 22, 19, 23, 37, 25, 40, 22, 16, 29, 16, 23, 7, 24, 48, 21, 23, 16, 38, 39, 15, 18, 42, 16, 19, 54, 21, 17, 16, 26, 32, 28, 15, 22, 34, 14, 13, 33, 26, 20, 19, 33, 40, 16, 23, 14, 17, 29, 53, 26, 45, 17, 26, 28, 34, 37, 37, 18, 25, 29, 24, 33, 18, 43, 26, 14, 22, 28, 26, 16, 17, 34, 49, 25, 24, 16, 18, 30, 17, 18, 18, 28, 18, 27, 11, 25, 52, 33, 19, 35, 25, 18, 26, 26, 18, 16, 25, 18, 38, 38, 12, 22, 21, 31, 18, 47, 21, 24, 22, 27, 29, 19, 20, 34, 22, 27, 25, 25, 33, 9, 22, 20, 16, 37, 25, 43, 29, 18, 20, 19, 24, 16, 12, 29, 14, 26, 44, 16, 36, 29, 22, 34, 17, 21, 15, 16, 22, 40, 23, 15, 24, 23, 54, 15, 13, 14, 25, 21, 8, 35, 35, 26, 14, 22, 13, 49, 24, 14, 34, 24, 23, 16, 30, 14, 39, 24, 55, 50, 20, 21, 24, 19, 35, 12, 28, 25, 26, 49, 31, 49, 27, 33, 21, 19, 21, 24, 39, 22, 35, 27, 12, 35, 17, 31, 30, 24, 17, 31, 18, 13, 19, 21, 16, 28, 19, 46, 17, 25, 20, 31, 23, 46, 27, 23, 11, 20, 19, 43, 27, 16, 22, 20, 52, 18, 24, 10, 14, 16, 24, 19, 30, 39, 28, 30, 26, 21, 20, 27, 16, 30, 29, 17, 13, 20, 24, 21, 15, 34, 9, 20, 17, 18, 23, 25, 24, 13, 37, 18, 22, 13, 22, 23, 23, 24, 36, 26, 9, 18, 23, 22, 50, 14, 23, 24, 23, 38, 40, 22, 16, 17, 17, 23, 28, 48, 23, 51, 16, 28, 19, 24, 42, 34, 21, 34, 29, 34, 40, 16, 47, 45, 29, 22, 36, 24, 41, 19, 24, 19, 16, 20, 26, 31, 34, 31, 18, 18, 16, 15, 26, 27, 22, 22, 10, 39, 31, 33, 23, 14, 26, 16, 34, 30, 23, 22, 24, 30, 14, 19, 25, 19, 40, 25, 15, 25, 21, 9, 24, 51, 22, 14, 19, 39, 23, 18, 16, 24, 21, 45, 22, 25, 50, 48, 18, 21, 32, 13, 12, 21, 27, 20, 25, 30, 25, 27, 40, 31, 14, 10, 34, 41, 19, 7, 29, 14, 18, 14, 17, 25, 13, 21, 33, 53, 30, 16, 14, 14, 41, 21, 25, 34, 38, 23, 28, 18, 38, 35, 24, 23, 30, 22, 20, 39, 38, 35, 9, 24, 28, 20, 25, 22, 29, 24, 26, 31, 16, 23, 28, 22, 24, 30, 15, 30, 18, 26, 47, 16, 24, 18, 40, 17, 20, 18, 22, 20, 17, 16, 18, 22, 32, 21, 24, 18, 25, 27, 36, 23, 22, 24, 27, 29, 26, 12, 15, 43, 34, 13, 32, 24, 20, 22, 26, 15, 55, 20, 14, 26, 25, 20, 18, 26, 34, 23, 34, 18, 28, 19, 39, 10, 24, 23, 55, 20, 49, 39, 21, 23, 27, 39, 22, 24, 27, 22, 24, 23, 7, 45, 16, 13, 21, 17, 48, 23, 16, 16, 20, 26, 17, 34, 38, 21, 13, 27, 30, 39, 19, 23, 18, 20, 23, 39, 39, 43, 24, 18, 24, 19, 32, 41, 21, 31, 26, 20, 16, 11, 15, 30, 21, 26, 22, 14, 19, 20, 16, 23, 24, 34, 21, 15, 19, 20, 30, 25, 26, 25, 23, 17, 40, 26, 25, 23, 25, 18, 26, 49, 29, 27, 14, 42, 23, 14, 19, 36, 13, 38, 50, 26, 34, 33, 28, 25, 31, 15, 23, 21, 27, 27, 42, 24, 24, 14, 51, 34, 20, 24, 12, 18, 17, 55, 18, 23, 15, 27, 19, 31, 11, 32, 29, 29, 16, 22, 30, 20, 16, 19, 34, 17, 11, 24, 30, 24, 34, 22, 37, 17, 20, 35, 36, 33, 26, 42, 29, 54, 35, 38, 38, 21, 39, 36, 19, 46, 37, 19, 29, 25, 38, 25, 52, 26, 39, 30, 16, 26, 25, 29, 38, 22, 18, 27, 17, 9, 22, 34]
max size = 57
avg size = 25.925081433224754



KNN: **************************************************************************
size: 798



Logistic Regression: **********************************************************
size: 58



SVM: **************************************************************************
num_supp_vecs = 827
size: 47968



Decision Tree: ****************************************************************
max_depth: 10
max_depth: 10
avg_depth: 8.567861020629751



Random Forest: ****************************************************************
n_estimators: 1000
max_depth = 54



Dataset ------------ magic ------------------------------------
------------------------------------------------------------------------------
Naive Bayes: ******************************************************************
size: 42



XGBoost: **********************************************************************
n_estimators = 1000
max_depth = 7



IPS-KNN: **********************************************************************
[5, 5, 3, 4, 5, 6, 5, 8, 8, 4, 3, 6, 5, 4, 6, 4, 3, 3, 4, 5, 4, 8, 6, 6, 7, 4, 4, 8, 6, 6, 7, 3, 3, 6, 5, 4, 5, 7, 2, 5, 5, 5, 6, 6, 4, 5, 6, 8, 5, 7, 4, 3, 4, 6, 6, 7, 7, 4, 4, 3, 6, 4, 6, 4, 4, 4, 5, 5, 5, 4, 6, 8, 5, 6, 7, 5, 4, 3, 4, 4, 4, 7, 4, 5, 4, 7, 4, 3, 6, 8, 4, 4, 5, 6, 6, 4, 6, 2, 6, 6, 6, 5, 4, 5, 3, 3, 4, 5, 4, 4, 5, 4, 7, 4, 7, 5, 5, 6, 5, 6, 4, 4, 6, 5, 5, 7, 6, 4, 5, 5, 4, 5, 5, 7, 4, 4, 7, 8, 7, 5, 6, 8, 7, 4, 6, 4, 8, 5, 6, 3, 5, 4, 5, 5, 6, 4, 5, 7, 5, 5, 5, 3, 3, 6, 6, 5, 5, 4, 5, 6, 7, 5, 5, 5, 4, 6, 3, 7, 4, 7, 5, 4, 4, 8, 7, 4, 4, 5, 6, 4, 7, 8, 7, 8, 7, 10, 6, 4, 4, 7, 5, 7, 5, 6, 6, 5, 4, 7, 4, 5, 6, 5, 4, 5, 5, 5, 4, 4, 5, 3, 5, 5, 4, 7, 5, 7, 6, 7, 4, 5, 4, 5, 7, 4, 6, 5, 5, 6, 6, 4, 4, 5, 5, 5, 4, 4, 4, 4, 6, 6, 5, 4, 5, 4, 5, 7, 5, 5, 5, 5, 6, 6, 4, 6, 5, 6, 5, 3, 5, 4, 4, 5, 5, 5, 7, 5, 4, 6, 6, 5, 4, 5, 4, 5, 5, 6, 5, 4, 5, 8, 7, 4, 4, 10, 5, 4, 5, 6, 3, 4, 4, 7, 5, 4, 4, 5, 5, 6, 4, 5, 6, 6, 8, 8, 6, 3, 5, 4, 5, 1, 7, 4, 1, 5, 5, 5, 4, 6, 4, 4, 5, 4, 6, 4, 6, 4, 3, 7, 3, 3, 4, 5, 3, 5, 6, 6, 4, 4, 7, 4, 7, 5, 5, 5, 5, 4, 3, 5, 3, 6, 4, 5, 4, 4, 6, 5, 5, 6, 9, 7, 4, 5, 8, 6, 4, 5, 5, 5, 4, 8, 5, 6, 3, 6, 5, 4, 4, 3, 5, 5, 6, 4, 8, 6, 5, 4, 5, 6, 4, 5, 3, 4, 6, 8, 4, 6, 4, 3, 4, 7, 8, 6, 4, 4, 4, 4, 6, 5, 3, 5, 10, 9, 5, 5, 4, 5, 4, 4, 5, 6, 5, 7, 7, 5, 4, 3, 4, 7, 7, 4, 5, 4, 3, 4, 6, 4, 5, 6, 6, 4, 6, 6, 5, 5, 3, 5, 4, 4, 5, 4, 5, 9, 3, 4, 3, 5, 2, 4, 4, 5, 4, 4, 4, 4, 6, 5, 7, 5, 6, 3, 3, 5, 5, 6, 5, 5, 7, 6, 3, 4, 5, 8, 6, 5, 5, 6, 8, 6, 6, 8, 5, 5, 4, 5, 5, 6, 5, 5, 5, 5, 5, 4, 2, 5, 6, 5, 6, 9, 7, 1, 3, 5, 3, 5, 5, 5, 4, 4, 4, 7, 4, 4, 3, 4, 3, 5, 6, 3, 4, 3, 4, 9, 6, 4, 4, 6, 6, 4, 7, 8, 4, 6, 5, 7, 4, 4, 4, 4, 7, 3, 4, 4, 5, 6, 8, 4, 8, 4, 4, 4, 5, 8, 4, 4, 5, 3, 8, 3, 4, 6, 4, 8, 3, 5, 7, 8, 7, 4, 10, 4, 3, 5, 5, 5, 6, 4, 5, 7, 4, 4, 3, 5, 5, 4, 5, 4, 4, 4, 5, 4, 6, 7, 6, 4, 5, 8, 8, 5, 6, 4, 5, 4, 4, 7, 4, 3, 4, 5, 3, 4, 4, 9, 5, 5, 4, 5, 6, 6, 6, 5, 6, 4, 4, 5, 6, 4, 6, 5, 3, 3, 5, 6, 5, 4, 5, 5, 5, 4, 4, 6, 10, 3, 5, 4, 4, 6, 5, 7, 3, 4, 4, 5, 4, 5, 9, 6, 5, 4, 4, 4, 5, 6, 8, 6, 4, 5, 5, 7, 4, 4, 8, 5, 6, 4, 5, 4, 7, 8, 9, 7, 5, 3, 6, 8, 5, 5, 4, 4, 4, 6, 3, 4, 6, 4, 6, 7, 4, 7, 4, 6, 3, 6, 7, 4, 3, 5, 5, 4, 5, 4, 4, 6, 4, 4, 4, 6, 7, 1, 3, 5, 4, 5, 7, 5, 4, 8, 5, 5, 6, 4, 9, 7, 5, 4, 9, 5, 5, 5, 3, 4, 5, 4, 4, 9, 4, 4, 4, 5, 8, 8, 9, 6, 5, 5, 8, 5, 8, 6, 5, 6, 4, 4, 4, 4, 7, 5, 5, 3, 3, 6, 5, 4, 6, 4, 9, 6, 4, 5, 4, 5, 4, 7, 3, 5, 7, 4, 4, 8, 9, 3, 9, 4, 8, 4, 5, 5, 4, 7, 7, 4, 6, 6, 6, 4, 5, 4, 5, 4, 4, 5, 6, 1, 4, 7, 9, 4, 8, 4, 5, 4, 6, 5, 6, 5, 5, 5, 4, 6, 5, 6, 6, 4, 4, 5, 8, 10, 6, 5, 5, 4, 7, 6, 3, 7, 5, 4, 4, 3, 4, 4, 5, 4, 10, 6, 4, 4, 7, 4, 4, 4, 5, 4, 4, 4, 5, 5, 5, 6, 5, 5, 5, 3, 4, 4, 4, 4, 4, 5, 3, 4, 5, 4, 5, 5, 5, 5, 8, 3, 4, 6, 4, 5, 6, 3, 4, 5, 6, 6, 8, 7, 6, 6, 5, 5, 4, 5, 4, 4, 4, 6, 5, 5, 4, 5, 4, 3, 4, 5, 4, 5, 5, 5, 4, 4, 4, 8, 5, 4, 4, 4, 8, 9, 5, 6, 9, 5, 4, 4, 5, 3, 4, 9, 5, 6, 6, 5, 5, 4, 5, 5, 8, 3, 4, 5, 5, 5, 4, 5, 5, 4, 5, 6, 6, 5, 4, 5, 6, 4, 4, 5, 4, 6, 4, 5, 4, 5, 7, 5, 4, 3, 7, 3, 5, 5, 6, 5, 7, 5, 4, 5, 5, 7, 4, 7, 6, 4, 6, 6, 5, 3, 5, 6, 4, 5, 5, 5, 5, 4, 6, 7, 5, 3, 8, 6, 4, 6, 5, 6, 5, 6, 6, 4, 5, 5, 6, 5, 4, 4, 6, 6, 6, 3, 6, 9, 9, 4, 6, 7, 8, 4, 5, 4, 5, 9, 6, 5, 5, 5, 4, 4, 4, 5, 5, 5, 3, 5, 7, 7, 6, 4, 7, 5, 4, 4, 4, 4, 3, 5, 6, 5, 4, 7, 4, 5, 5, 3, 6, 5, 6, 5, 5, 4, 4, 8, 6, 7, 6, 7, 5, 5, 5, 2, 6, 3, 5, 4, 4, 5, 5, 5, 4, 8, 5, 10, 6, 4, 7, 6, 4, 4, 4, 4, 4, 6, 4, 4, 6, 5, 4, 4, 4, 4, 6, 4, 7, 3, 4, 8, 4, 4, 5, 4, 4, 4, 6, 4, 5, 7, 6, 5, 6, 4, 9, 7, 8, 6, 7, 5, 3, 5, 5, 2, 6, 5, 5, 5, 7, 6, 4, 7, 6, 5, 5, 8, 3, 6, 5, 4, 6, 4, 4, 3, 4, 7, 4, 5, 4, 1, 4, 3, 5, 6, 4, 5, 5, 8, 5, 5, 7, 8, 7, 9, 4, 5, 6, 3, 5, 6, 6, 4, 5, 5, 4, 5, 5, 1, 4, 6, 5, 5, 4, 4, 4, 5, 9, 7, 5, 5, 4, 5, 3, 3, 5, 5, 3, 5, 5, 7, 6, 5, 5, 7, 6, 3, 5, 5, 4, 6, 3, 4, 4, 4, 8, 6, 5, 5, 5, 5, 3, 7, 5, 4, 4, 4, 6, 7, 6, 8, 4, 5, 4, 7, 6, 5, 5, 5, 6, 7, 7, 8, 5, 4, 5, 5, 5, 9, 8, 4, 4, 4, 4, 7, 5, 9, 4, 4, 5, 4, 5, 4, 7, 5, 5, 5, 4, 4, 8, 4, 7, 4, 6, 3, 7, 5, 3, 4, 6, 3, 5, 5, 4, 5, 6, 6, 4, 6, 5, 4, 5, 5, 6, 8, 3, 3, 4, 4, 4, 4, 5, 5, 5, 5, 5, 2, 5, 3, 4, 4, 8, 4, 4, 4, 3, 8, 4, 5, 5, 6, 1, 4, 5, 5, 4, 4, 5, 8, 5, 4, 4, 5, 4, 5, 7, 5, 4, 5, 6, 7, 7, 5, 5, 5, 5, 7, 8, 6, 6, 8, 5, 4, 6, 6, 5, 4, 6, 6, 4, 5, 3, 5, 7, 6, 4, 3, 5, 5, 4, 4, 5, 9, 4, 5, 4, 4, 7, 8, 6, 5, 7, 5, 7, 3, 4, 5, 5, 3, 3, 4, 4, 5, 5, 4, 5, 7, 7, 5, 7, 4, 4, 5, 4, 6, 5, 6, 7, 7, 4, 4, 6, 5, 5, 5, 5, 5, 7, 5, 4, 4, 4, 5, 5, 4, 4, 7, 7, 3, 4, 7, 4, 4, 4, 7, 5, 6, 4, 6, 4, 8, 4, 8, 5, 6, 7, 5, 4, 4, 6, 7, 4, 5, 6, 5, 5, 7, 9, 6, 5, 4, 5, 7, 4, 5, 9, 4, 5, 3, 6, 5, 5, 4, 4, 6, 9, 3, 4, 4, 7, 4, 4, 6, 5, 6, 5, 4, 5, 5, 8, 4, 4, 4, 6, 9, 6, 5, 5, 8, 4, 5, 4, 10, 4, 3, 5, 3, 6, 4, 4, 6, 6, 8, 4, 6, 7, 3, 5, 5, 3, 4, 6, 6, 5, 4, 3, 5, 4, 5, 4, 5, 1, 4, 4, 6, 10, 4, 5, 4, 6, 5, 5, 3, 10, 4, 5, 5, 5, 6, 5, 5, 6, 5, 7, 4, 4, 4, 6, 4, 6, 5, 3, 5, 9, 4, 3, 5, 6, 4, 3, 6, 4, 4, 8, 3, 5, 7, 4, 3, 6, 7, 4, 4, 5, 5, 6, 5, 4, 5, 3, 7, 4, 3, 5, 5, 4, 5, 5, 5, 5, 7, 5, 5, 5, 7, 4, 3, 5, 6, 5, 7, 4, 6, 4, 7, 8, 8, 4, 4, 4, 4, 8, 4, 4, 8, 5, 5, 5, 7, 4, 3, 5, 8, 6, 5, 4, 7, 6, 5, 5, 7, 5, 4, 5, 7, 5, 4, 5, 4, 9, 8, 3, 5, 4, 4, 4, 5, 8, 4, 4, 4, 5, 6, 5, 7, 5, 6, 10, 4, 6, 4, 5, 4, 5, 9, 3, 4, 6, 6, 7, 4, 5, 4, 5, 5, 5, 4, 5, 10, 4, 4, 3, 5, 5, 4, 4, 3, 5, 5, 6, 3, 5, 5, 8, 3, 3, 6, 6, 5, 5, 4, 3, 5, 4, 4, 6, 5, 8, 5, 6, 8, 6, 4, 4, 4, 7, 5, 5, 7, 7, 7, 4, 5, 6, 4, 5, 4, 4, 3, 6, 6, 4, 5, 4, 9, 6, 9, 8, 5, 6, 6, 3, 7, 4, 5, 5, 5, 5, 4, 5, 4, 7, 5, 4, 6, 6, 6, 6, 6, 6, 4, 4, 6, 5, 5, 4, 8, 4, 6, 6, 5, 4, 5, 5, 5, 4, 4, 4, 6, 6, 4, 5, 5, 3, 3, 4, 4, 8, 6, 4, 6, 6, 5, 4, 4, 4, 5, 7, 4, 3, 6, 4, 4, 4, 3, 6, 8, 4, 5, 9, 5, 7, 8, 4, 4, 8, 5, 6, 7, 5, 4, 6, 5, 5, 6, 4, 5, 5, 4, 4, 3, 6, 6, 5, 5, 5, 8, 4, 3, 2, 4, 4, 5, 4, 6, 4, 6, 5, 8, 7, 9, 4, 5, 6, 7, 3, 5, 5, 5, 6, 5, 4, 4, 4, 5, 4, 5, 3, 3, 3, 4, 5, 5, 5, 4, 7, 5, 3, 5, 5, 4, 4, 4, 4, 5, 3, 5, 5, 8, 5, 4, 6, 6, 7, 4, 4, 4, 6, 4, 6, 4, 8, 4, 4, 4, 6, 4, 6, 3, 5, 4, 4, 4, 6, 4, 2, 7, 4, 4, 6, 4, 5, 4, 8, 5, 4, 5, 4, 4, 4, 7, 4, 5, 7, 5, 4, 4, 5, 3, 6, 5, 6, 5, 6, 6, 4, 5, 6, 4, 5, 5, 4, 4, 7, 6, 6, 5, 5, 5, 5, 6, 7, 8, 5, 6, 4, 8, 3, 7, 4, 5, 5, 4, 5, 5, 6, 1, 4, 6, 5, 6, 9, 5, 8, 5, 4, 9, 5, 4, 5, 5, 3, 8, 5, 6, 5, 6, 6, 6, 5, 4, 6, 4, 5, 7, 5, 4, 5, 4, 4, 4, 6, 8, 4, 6, 5, 5, 5, 4, 5, 5, 9, 7, 5, 4, 6, 4, 7, 4, 4, 3, 4, 4, 5, 6, 4, 4, 3, 4, 5, 3, 5, 6, 5, 5, 9, 3, 2, 6, 6, 4, 6, 4, 5, 4, 5, 6, 4, 5, 8, 4, 6, 4, 5, 9, 8, 4, 4, 4, 4, 4, 4, 4, 6, 3, 2, 1, 4, 7, 5, 5, 4, 4, 4, 3, 6, 9, 5, 5, 5, 5, 5, 4, 3, 5, 7, 3, 4, 5, 7, 6, 4, 5, 4, 5, 5, 5, 5, 4, 6, 4, 3, 5, 7, 5, 5, 5, 4, 5, 4, 6, 4, 4, 5, 4, 8, 7, 9, 4, 3, 4, 9, 5, 5, 6, 4, 7, 5, 10, 4, 4, 5, 5, 4, 4, 3, 4, 4, 5, 4, 5, 5, 6, 6, 4, 7, 9, 6, 7, 4, 5, 9, 8, 5, 4, 8, 4, 5, 5, 5, 4, 6, 5, 4, 5, 4, 6, 4, 6, 5, 4, 5, 4, 6, 4, 5, 5, 6, 4, 4, 9, 3, 7, 5, 4, 5, 6, 5, 5, 4, 4, 6, 5, 4, 4, 8, 3, 5, 5, 4, 5, 5, 4, 4, 7, 8, 4, 4, 9, 1, 5, 3, 5, 5, 5, 6, 5, 1, 3, 5, 5, 4, 7, 6, 4, 4, 4, 4, 5, 5, 5, 5, 5, 8, 6, 4, 4, 7, 5, 5, 4, 5, 4, 4, 4, 6, 4, 8, 5, 5, 5, 7, 9, 6, 6, 5, 5, 5, 5, 6, 4, 5, 5, 5, 7, 9, 7, 5, 5, 6, 7, 5, 6, 4, 6, 3, 4, 6, 4, 5, 6, 6, 3, 7, 3, 4, 3, 4, 4, 3, 7, 5, 7, 5, 4, 5, 7, 7, 6, 5, 3, 8, 6, 4, 4, 5, 4, 5, 6, 6, 5, 4, 5, 5, 5, 5, 3, 5, 4, 1, 3, 3, 6, 4, 4, 5, 6, 5, 8, 4, 4, 5, 6, 3, 6, 4, 5, 4, 4, 5, 5, 4, 5, 4, 9, 4, 6, 5, 7, 3, 5, 4, 4, 4, 6, 5, 4, 6, 4, 5, 4, 5, 5, 6, 6, 4, 6, 9, 6, 9, 6, 5, 5, 6, 3, 4, 5, 4, 7, 5, 4, 4, 5, 4, 4, 5, 4, 5, 5, 3, 4, 5, 4, 4, 4, 6, 4, 4, 3, 4, 8, 4, 4, 5, 5, 5, 4, 4, 4, 8, 5, 3, 4, 4, 4, 6, 5, 4, 4, 6, 7, 4, 4, 4, 5, 4, 6, 4, 3, 4, 4, 6, 4, 7, 5, 6, 4, 5, 4, 5, 6, 7, 9, 6, 7, 4, 4, 3, 5, 6, 5, 4, 4, 5, 4, 5, 6, 5, 3, 6, 4, 3, 7, 5, 5, 3, 4, 4, 7, 8, 8, 6, 4, 7, 4, 6, 4, 6, 6, 6, 4, 5, 6, 6, 6, 8, 4, 5, 5, 8, 4, 7, 8, 5, 7, 6, 4, 4, 5, 5, 5, 4, 5, 5, 6, 6, 4, 5, 4, 4, 4, 5, 4, 3, 5, 4, 8, 4, 6, 4, 5, 8, 2, 3, 4, 5, 3, 3, 4, 4, 8, 4, 5, 4, 4, 9, 5, 4, 5, 4, 8, 7, 6, 5, 3, 10, 7, 5, 5, 6, 5, 6, 8, 5, 7, 6, 5, 7, 4, 5, 5, 5, 4, 6, 5, 4, 4, 5, 5, 4, 5, 5, 5, 5, 4, 9, 6, 6, 4, 3, 4, 5, 7, 5, 4, 6, 5, 6, 3, 4, 6, 6, 5, 5, 5, 4, 4, 5, 4, 4, 4, 8, 5, 5, 5, 5, 5, 4, 5, 5, 5, 4, 5, 5, 4, 4, 5, 4, 6, 5, 5, 4, 6, 5, 4, 5, 5, 4, 4, 6, 5, 6, 6, 5, 8, 5, 7, 5, 5, 6, 5, 5, 6, 4, 4, 4, 6, 4, 3, 4, 6, 6, 4, 5, 4, 5, 5, 2, 4, 8, 8, 6, 4, 5, 5, 4, 5, 6, 5, 4, 5, 9, 4, 5, 6, 7, 7, 5, 5, 5, 7, 7, 4, 5, 4, 5, 4, 5, 4, 5, 3, 7, 4, 5, 4, 4, 4, 4, 5, 4, 8, 4, 4, 6, 5, 7, 5, 5, 4, 6, 4, 5, 7, 3, 7, 7, 10, 5, 4, 5, 9, 5, 5, 5, 7, 3, 5, 5, 5, 4, 6, 5, 5, 5, 4, 4, 8, 5, 6, 4, 7, 4, 9, 5, 6, 6, 9, 4, 8, 6, 1, 8, 8, 5, 4, 5, 5, 6, 5, 4, 5, 5, 8, 4, 5, 8, 8, 4, 5, 4, 4, 5, 4, 4, 4, 5, 5, 4, 4, 4, 4, 4, 5, 4, 4, 9, 6, 5, 3, 6, 4, 5, 4, 4, 5, 5, 4, 5, 4, 4, 4, 6, 7, 1, 4, 5, 3, 4, 4, 8, 4, 5, 4, 5, 4, 7, 6, 5, 4, 3, 5, 6, 4, 5, 6, 6, 4, 5, 5, 6, 7, 6, 7, 9, 4, 5, 4, 5, 5, 3, 3, 4, 7, 4, 6, 5, 5, 8, 5, 5, 6, 9, 5, 5, 4, 7, 6, 6, 4, 5, 5, 4, 4, 3, 4, 4, 4, 4, 4, 5, 4, 5, 4, 5, 7, 7, 4, 8, 4, 4, 4, 7, 5, 9, 4, 8, 6, 5, 3, 6, 6, 5, 3, 6, 6, 4, 4, 5, 8, 5, 5, 5, 4, 7, 5, 7, 3, 6, 4, 5, 4, 7, 5, 8, 5, 6, 4, 4, 4, 2, 7, 5, 4, 6, 6, 5, 3, 6, 5, 6, 5, 4, 6, 5, 3, 4, 4, 5, 8, 6, 6, 6, 4, 8, 6, 2, 5, 4, 5, 5, 7, 5, 5, 4, 5, 5, 8, 3, 4, 5, 7, 1, 6, 6, 4, 7, 6, 4, 7, 5, 5, 4, 7, 4, 6, 6, 4, 5, 7, 9, 6, 4, 4, 5, 6, 5, 4, 4, 5, 4, 5, 4, 6, 4, 5, 4, 7, 5, 5, 4, 5, 6, 5, 3, 4, 6, 5, 5, 5, 4, 2, 6, 4, 3, 4, 5, 5, 8, 5, 4, 4, 4, 5, 5, 5, 4, 7, 3, 4, 4, 8, 6, 3, 6, 4, 8, 3, 6, 4, 7, 6, 4, 5, 7, 5, 3, 5, 8, 7, 5, 5, 5, 5, 5, 6, 5, 9, 4, 3, 5, 8, 3, 4, 4, 4, 4, 4, 3, 6, 5, 3, 3, 5, 6, 7, 5, 5, 4, 4, 4, 5, 3, 4, 8, 3, 5, 9, 4, 6, 5, 5, 4, 5, 4, 5, 9, 4, 4, 5, 8, 5, 4, 8, 3, 4, 5, 4, 4, 7, 4, 5, 3, 4, 4, 5, 7, 4, 6, 6, 7, 5, 4, 7, 5, 5, 7, 6, 6, 4, 4, 6, 4, 3, 4, 8, 7, 4, 5, 3, 7, 7, 5, 7, 4, 5, 6, 6, 3, 5, 4, 4, 4, 3, 4, 5, 4, 5, 3, 6, 5, 5, 6, 4, 4, 1, 5, 4, 4, 5, 3, 4, 5, 5, 4, 5, 4, 6, 4, 5, 5, 5, 5, 9, 4, 7, 6, 5, 6, 6, 3, 5, 8, 3, 5, 3, 5, 7, 6, 4, 5, 4, 4, 5, 4, 5, 4, 4, 4, 5, 7, 5, 6, 5, 3, 4, 3, 5, 5, 4, 5, 4, 3, 4, 5, 7, 7, 4, 5, 5, 3, 6, 7, 9, 5, 4, 4, 7, 6, 4, 9, 8, 3, 4, 4, 7, 9, 4, 3, 9, 3, 5, 5, 5, 5, 5, 6, 2, 5, 6, 5, 5, 4, 4, 5, 4, 5, 5, 5, 5, 6, 5, 10, 4, 3, 4, 5, 4, 4, 5, 3, 4, 5, 6, 4, 3, 8, 5, 5, 5, 5, 3, 4, 4, 4, 10, 3, 5, 5, 5, 5, 8, 3, 4, 4, 4, 7, 5, 4, 7, 4, 6, 5, 5, 6, 4, 5, 7, 4, 6, 5, 8, 6, 5, 4, 4, 4, 5, 3, 5, 4, 3, 7, 4, 5, 6, 5, 4, 3, 5, 4, 4, 5, 4, 5, 5, 5, 5, 5, 4, 6, 5, 5, 6, 5, 3, 5, 5, 4, 5, 5, 6, 4, 4, 5, 5, 3, 5, 5, 6, 5, 5, 4, 4, 4, 7, 5, 4, 5, 7, 4, 5, 5, 6, 3, 4, 5, 3, 7, 4, 3, 6, 5, 5, 5, 4, 3, 5, 4, 5, 4, 4, 5, 5, 8, 4, 4, 5, 5, 5, 3, 5, 3, 6, 5, 4, 9, 6, 4, 4, 5, 6, 5, 6, 5, 4, 5, 7, 7, 6, 3, 3, 6, 3, 3, 4, 5, 5, 5, 5, 5, 5, 7, 5, 5, 5, 4, 7, 9, 4, 7, 4, 1, 6, 5, 7, 5, 4, 8, 4, 6, 5, 4, 4, 5, 6, 6, 5, 5, 4, 6, 4, 5, 6, 5, 4, 6, 4, 3, 5, 8, 6, 5, 4, 6, 8, 5, 5, 10, 7, 5, 4, 5, 6, 9, 6, 7, 7, 5, 5, 4, 6, 9, 5, 5, 5, 5, 4, 4, 5, 4, 4, 5, 5, 6, 4, 9, 5, 3, 5, 7, 5, 5, 3, 5, 6, 4, 4, 6, 5, 7, 4, 5, 6, 5, 3, 6, 4, 4, 7, 7, 4, 6, 7, 5, 8, 3, 5, 5, 5, 5, 3, 4, 6, 3, 3, 5, 4, 4, 7, 6, 3, 4, 6, 9, 5, 7, 5, 4, 5, 5, 7, 5, 4, 9, 9, 6, 4, 8, 8, 5, 2, 5, 6, 4, 6, 7, 5, 5, 7, 6, 4, 4, 6, 8, 3, 5, 6, 6, 6, 4, 7, 4, 4, 4, 5, 3, 4, 5, 7, 6, 7, 5, 5, 4, 3, 10, 4, 6, 5, 5, 4, 5, 5, 5, 6, 5, 4, 4, 5, 4, 4, 3, 8, 6, 9, 5, 8, 3, 4, 5, 5, 5, 4, 6, 7, 7, 4, 5, 6, 5, 4, 4, 3, 5, 3, 3, 5, 7, 4, 5, 7, 5, 6, 7, 5, 5, 8, 4, 4, 5, 6, 7, 4, 4, 4, 5, 3, 4, 4, 4, 4, 3, 7, 4, 4, 4, 7, 6, 6, 4, 6, 4, 4, 5, 5, 4, 4, 4, 4, 5, 5, 3, 5, 5, 4, 8, 3, 4, 3, 4, 6, 6, 4, 4, 6, 6, 5, 9, 5, 5, 6, 1, 4, 8, 4, 4, 8, 5, 4, 2, 4, 4, 4, 4, 6, 5, 2]
max size = 10
avg size = 5.0746582544689804



E-IPS-KNN T: ******************************************************************
[8, 7, 8, 5, 5, 5, 5, 6, 7, 6, 8, 5, 5, 5, 5, 6, 5, 4, 5, 4, 8, 7, 5, 4, 5, 6, 6, 6, 7, 4, 7, 4, 6, 6, 6, 5, 6, 6, 4, 5, 5, 5, 6, 6, 5, 4, 6, 9, 5, 6, 7, 5, 5, 7, 6, 8, 7, 5, 4, 7, 7, 6, 6, 5, 5, 5, 4, 6, 5, 8, 3, 5, 7, 7, 8, 6, 6, 5, 6, 5, 5, 6, 5, 8, 7, 8, 5, 5, 7, 4, 6, 6, 7, 3, 4, 4, 5, 4, 6, 4, 6, 5, 6, 5, 7, 8, 6, 5, 6, 6, 6, 7, 6, 7, 5, 6, 5, 7, 4, 5, 5, 7, 6, 6, 5, 8, 6, 4, 4, 7, 4, 5, 6, 6, 4, 5, 5, 6, 5, 6, 6, 5, 4, 5, 6, 5, 6, 6, 6, 5, 6, 7, 6, 5, 6, 5, 5, 5, 4, 4, 6, 5, 6, 4, 5, 6, 5, 5, 5, 6, 6, 5, 5, 6, 5, 4, 3, 5, 5, 5, 4, 6, 4, 6, 5, 6, 4, 5, 7, 6, 5, 5, 6, 5, 7, 6, 6, 6, 6, 4, 5, 6, 6, 7, 8, 5, 6, 5, 5, 4, 7, 4, 6, 7, 4, 8, 4, 5, 6, 7, 6, 5, 4, 5, 4, 7, 7, 6, 4, 5, 4, 7, 5, 6, 4, 7, 5, 6, 6, 5, 6, 5, 5, 5, 4, 5, 6, 4, 5, 7, 6, 4, 7, 7, 4, 6, 4, 5, 6, 5, 8, 7, 4, 5, 5, 4, 5, 6, 7, 5, 5, 6, 5, 4, 6, 5, 8, 6, 5, 6, 4, 5, 5, 4, 6, 6, 5, 5, 5, 7, 8, 3, 6, 5, 5, 5, 5, 4, 5, 5, 5, 5, 7, 6, 6, 7, 5, 8, 5, 6, 6, 7, 4, 5, 5, 7, 6, 6, 6, 5, 5, 6, 6, 5, 6, 6, 6, 5, 6, 5, 5, 6, 7, 5, 6, 5, 5, 6, 4, 5, 7, 5, 5, 7, 5, 7, 6, 6, 6, 7, 6, 7, 6, 6, 5, 4, 4, 5, 4, 7, 7, 6, 4, 5, 5, 6, 6, 5, 6, 7, 7, 6, 6, 4, 5, 7, 5, 6, 5, 7, 7, 5, 5, 5, 7, 5, 4, 3, 5, 6, 8, 5, 7, 4, 5, 5, 7, 6, 6, 5, 3, 5, 6, 6, 6, 5, 6, 5, 5, 5, 5, 5, 7, 3, 7, 5, 5, 5, 5, 4, 6, 9, 4, 7, 8, 5, 6, 5, 6, 5, 6, 8, 7, 4, 5, 6, 6, 7, 4, 6, 7, 5, 6, 3, 5, 5, 6, 6, 5, 5, 4, 5, 6, 4, 4, 5, 4, 7, 5, 4, 4, 4, 6, 5, 5, 5, 4, 5, 5, 6, 7, 5, 4, 6, 6, 5, 7, 7, 4, 6, 3, 5, 5, 5, 6, 6, 5, 6, 4, 5, 4, 5, 7, 5, 5, 5, 5, 5, 6, 4, 6, 5, 5, 5, 6, 6, 6, 6, 4, 5, 8, 5, 6, 7, 6, 5, 6, 6, 6, 6, 5, 5, 5, 7, 6, 5, 6, 6, 5, 6, 5, 5, 3, 6, 6, 5, 5, 5, 6, 6, 4, 7, 5, 6, 7, 4, 8, 5, 5, 5, 6, 3, 3, 5, 4, 4, 5, 5, 4, 5, 6, 6, 5, 4, 6, 4, 6, 5, 5, 5, 5, 5, 5, 4, 5, 5, 5, 3, 6, 6, 4, 4, 5, 5, 5, 4, 5, 7, 6, 4, 3, 5, 5, 5, 5, 5, 4, 10, 5, 5, 4, 6, 8, 10, 6, 6, 6, 5, 4, 6, 5, 6, 5, 5, 5, 5, 6, 5, 6, 6, 6, 4, 5, 6, 4, 7, 6, 4, 5, 6, 6, 7, 6, 6, 4, 6, 5, 7, 6, 5, 5, 5, 4, 5, 6, 5, 6, 7, 4, 6, 6, 5, 8, 4, 6, 5, 5, 5, 7, 7, 4, 5, 6, 6, 6, 6, 6, 7, 5, 5, 6, 5, 4, 5, 6, 6, 5, 7, 4, 6, 6, 6, 5, 6, 6, 5, 5, 4, 6, 5, 7, 6, 6, 5, 5, 5, 4, 5, 6, 6, 5, 7, 5, 5, 7, 6, 5, 6, 5, 5, 6, 7, 5, 5, 4, 5, 5, 6, 6, 6, 6, 5, 5, 6, 5, 5, 5, 5, 6, 6, 5, 9, 5, 6, 5, 6, 7, 5, 5, 5, 5, 5, 5, 5, 5, 6, 6, 7, 6, 4, 9, 4, 6, 7, 6, 7, 5, 6, 4, 6, 4, 6, 5, 7, 5, 5, 6, 5, 8, 6, 6, 6, 6, 5, 8, 5, 6, 6, 4, 6, 5, 6, 6, 6, 5, 6, 5, 4, 5, 5, 6, 5, 5, 5, 7, 6, 5, 5, 6, 6, 5, 8, 4, 4, 6, 4, 6, 5, 6, 4, 5, 4, 5, 5, 4, 5, 5, 5, 6, 6, 4, 5, 5, 5, 5, 5, 4, 6, 4, 5, 6, 9, 6, 7, 6, 7, 5, 6, 7, 6, 6, 4, 5, 4, 6, 5, 5, 5, 7, 6, 6, 5, 6, 4, 7, 6, 8, 5, 6, 5, 6, 6, 4, 6, 5, 6, 6, 5, 4, 6, 6, 6, 5, 6, 5, 8, 6, 6, 4, 5, 4, 5, 6, 6, 5, 7, 6, 5, 5, 5, 5, 5, 6, 4, 5, 5, 5, 6, 6, 4, 6, 5, 5, 5, 5, 6, 4, 5, 5, 5, 4, 7, 6, 6, 7, 6, 7, 5, 5, 5, 5, 8, 7, 6, 4, 6, 6, 5, 5, 7, 5, 6, 6, 4, 4, 4, 5, 4, 6, 6, 5, 5, 6, 5, 5, 5, 5, 5, 7, 5, 4, 7, 8, 5, 5, 6, 4, 4, 7, 4, 5, 5, 5, 6, 6, 5, 7, 5, 4, 6, 8, 5, 5, 6, 6, 5, 6, 5, 5, 5, 5, 4, 6, 5, 7, 5, 6, 6, 5, 7, 8, 5, 7, 6, 4, 5, 6, 5, 5, 5, 7, 4, 5, 6, 4, 6, 5, 5, 5, 5, 5, 3, 6, 5, 6, 5, 5, 6, 4, 4, 4, 5, 5, 5, 6, 6, 6, 5, 6, 4, 6, 5, 6, 5, 6, 6, 5, 4, 6, 5, 5, 5, 6, 5, 5, 6, 5, 6, 6, 6, 4, 5, 5, 5, 6, 6, 6, 7, 5, 7, 5, 5, 4, 6, 6, 5, 4, 6, 7, 4, 7, 6, 6, 6, 5, 5, 4, 6, 8, 4, 6, 4, 4, 6, 4, 6, 4, 6, 6, 5, 4, 5, 6, 7, 6, 3, 4, 4, 4, 6, 4, 5, 5, 6, 6, 5, 6, 5, 7, 4, 4, 5, 6, 5, 5, 4, 5, 6, 5, 6, 3, 5, 6, 8, 6, 5, 5, 5, 4, 7, 7, 5, 4, 7, 5, 5, 7, 6, 6, 4, 6, 5, 7, 5, 5, 5, 5, 4, 6, 6, 5, 5, 5, 6, 6, 4, 6, 5, 7, 6, 5, 4, 6, 6, 5, 7, 7, 6, 4, 4, 5, 4, 4, 5, 5, 6, 4, 5, 5, 6, 5, 5, 5, 7, 5, 6, 5, 5, 6, 4, 5, 5, 4, 6, 5, 5, 4, 5, 5, 6, 5, 4, 5, 5, 5, 6, 5, 6, 4, 5, 4, 3, 5, 5, 5, 3, 6, 8, 6, 4, 5, 8, 7, 5, 6, 3, 6, 4, 8, 7, 6, 7, 4, 6, 8, 5, 6, 6, 5, 5, 4, 5, 5, 7, 7, 5, 6, 6, 5, 6, 5, 5, 4, 4, 6, 6, 5, 6, 5, 5, 4, 4, 6, 6, 5, 6, 5, 7, 5, 6, 7, 7, 9, 6, 6, 5, 5, 6, 5, 5, 6, 6, 5, 5, 4, 6, 7, 5, 6, 5, 4, 6, 6, 8, 6, 6, 4, 5, 8, 5, 6, 5, 5, 6, 4, 7, 6, 5, 8, 5, 4, 6, 6, 5, 5, 5, 6, 5, 5, 6, 7, 6, 6, 5, 3, 4, 5, 4, 5, 7, 5, 6, 5, 7, 6, 6, 5, 4, 5, 5, 6, 5, 6, 5, 5, 5, 6, 5, 5, 5, 5, 6, 5, 5, 6, 6, 4, 5, 4, 6, 6, 6, 5, 6, 9, 6, 4, 5, 5, 6, 6, 5, 6, 5, 5, 4, 4, 5, 5, 5, 4, 6, 7, 6, 4, 7, 5, 5, 6, 5, 6, 6, 4, 7, 4, 6, 7, 4, 8, 5, 5, 4, 5, 5, 5, 5, 4, 5, 5, 6, 6, 7, 5, 7, 5, 4, 6, 9, 7, 5, 4, 7, 4, 5, 6, 5, 5, 5, 5, 6, 5, 7, 6, 4, 5, 6, 4, 5, 7, 7, 5, 4, 6, 5, 6, 5, 6, 5, 6, 5, 7, 4, 6, 4, 10, 6, 7, 4, 5, 6, 6, 4, 6, 8, 7, 5, 7, 3, 5, 6, 5, 6, 5, 5, 7, 5, 6, 3, 6, 6, 6, 6, 6, 4, 5, 6, 4, 4, 5, 6, 4, 7, 4, 7, 4, 8, 5, 6, 5, 4, 6, 7, 4, 4, 5, 6, 7, 5, 8, 5, 6, 6, 9, 5, 6, 5, 5, 6, 6, 6, 5, 6, 5, 4, 5, 6, 6, 6, 6, 8, 6, 6, 7, 5, 5, 5, 5, 4, 6, 4, 7, 5, 4, 4, 6, 5, 5, 5, 6, 5, 4, 5, 6, 5, 6, 5, 4, 6, 6, 6, 6, 6, 5, 4, 5, 5, 4, 6, 4, 6, 5, 4, 4, 5, 7, 5, 4, 6, 5, 4, 5, 6, 6, 6, 5, 6, 6, 6, 4, 5, 6, 6, 6, 5, 5, 5, 5, 5, 7, 4, 5, 6, 5, 4, 5, 4, 5, 6, 5, 5, 4, 5, 4, 6, 4, 7, 5, 7, 6, 5, 5, 4, 6, 5, 5, 5, 6, 6, 4, 5, 6, 7, 5, 5, 6, 7, 4, 5, 4, 5, 5, 5, 5, 7, 7, 7, 5, 5, 6, 5, 6, 6, 6, 4, 5, 6, 6, 7, 6, 6, 5, 4, 5, 5, 6, 6, 6, 4, 6, 6, 7, 4, 8, 4, 6, 9, 5, 3, 6, 5, 5, 6, 5, 9, 6, 7, 5, 5, 6, 5, 5, 5, 5, 6, 6, 5, 6, 7, 4, 4, 5, 7, 6, 6, 5, 5, 5, 6, 5, 5, 6, 5, 5, 5, 7, 6, 7, 5, 4, 7, 6, 7, 4, 5, 6, 6, 5, 5, 6, 6, 6, 6, 5, 4, 5, 6, 6, 4, 5, 5, 7, 6, 7, 7, 6, 6, 6, 4, 5, 5, 5, 4, 4, 6, 8, 5, 5, 6, 7, 6, 5, 5, 6, 4, 6, 4, 6, 5, 7, 5, 5, 7, 6, 5, 5, 6, 6, 4, 5, 6, 5, 8, 5, 6, 4, 5, 6, 6, 4, 7, 5, 4, 6, 9, 6, 6, 4, 5, 4, 4, 5, 5, 5, 5, 7, 5, 5, 8, 7, 4, 4, 4, 5, 6, 5, 5, 6, 4, 4, 6, 5, 5, 3, 6, 6, 4, 7, 4, 5, 5, 5, 5, 5, 6, 6, 6, 6, 7, 7, 7, 5, 5, 6, 4, 5, 5, 6, 6, 6, 5, 6, 6, 6, 5, 7, 5, 5, 5, 5, 6, 7, 4, 5, 5, 4, 6, 7, 5, 5, 5, 4, 5, 4, 7, 4, 5, 4, 4, 6, 6, 5, 5, 4, 5, 6, 4, 4, 5, 6, 5, 6, 7, 6, 8, 5, 5, 2, 6, 4, 4, 8, 5, 4, 3, 7, 7, 5, 5, 5, 4, 4, 5, 5, 5, 5, 7, 4, 6, 4, 4, 6, 5, 7, 6, 5, 5, 3, 6, 7, 8, 5, 5, 7, 5, 5, 7, 4, 4, 4, 6, 5, 5, 6, 6, 5, 5, 5, 4, 6, 5, 6, 6, 5, 5, 7, 5, 5, 6, 4, 5, 5, 6, 4, 6, 6, 4, 6, 6, 4, 7, 5, 7, 4, 5, 7, 6, 6, 5, 7, 6, 5, 6, 4, 5, 5, 5, 4, 6, 4, 4, 6, 7, 7, 5, 6, 6, 7, 5, 5, 7, 6, 4, 5, 4, 6, 5, 8, 5, 4, 4, 5, 5, 7, 8, 5, 5, 8, 4, 5, 7, 6, 5, 4, 5, 4, 7, 6, 8, 6, 4, 6, 6, 5, 7, 5, 5, 5, 6, 6, 6, 5, 6, 6, 5, 6, 6, 6, 6, 6, 4, 4, 6, 6, 6, 6, 6, 6, 6, 6, 4, 6, 6, 6, 4, 5, 5, 5, 4, 6, 4, 5, 5, 6, 5, 5, 4, 7, 4, 6, 6, 5, 7, 6, 5, 4, 5, 5, 4, 7, 5, 6, 6, 6, 5, 6, 7, 6, 6, 5, 6, 6, 5, 4, 6, 5, 6, 6, 4, 7, 5, 6, 6, 6, 5, 5, 7, 5, 5, 6, 6, 6, 6, 5, 6, 5, 3, 5, 6, 5, 7, 7, 7, 4, 4, 6, 6, 5, 6, 6, 7, 6, 5, 5, 4, 6, 6, 4, 5, 6, 5, 4, 5, 5, 4, 5, 6, 6, 7, 6, 4, 5, 5, 8, 5, 4, 7, 7, 4, 6, 5, 5, 7, 4, 4, 7, 6, 6, 6, 4, 4, 5, 4, 5, 6, 7, 5, 4, 5, 5, 5, 5, 6, 7, 6, 5, 6, 5, 4, 5, 5, 5, 6, 4, 4, 4, 7, 5, 5, 6, 6, 6, 6, 5, 6, 6, 8, 7, 7, 5, 6, 5, 5, 5, 6, 6, 4, 4, 5, 7, 6, 4, 6, 5, 7, 7, 6, 7, 5, 5, 5, 7, 6, 5, 6, 5, 4, 5, 5, 4, 6, 7, 5, 6, 6, 6, 5, 6, 5, 5, 7, 5, 7, 5, 4, 4, 6, 8, 3, 5, 4, 4, 5, 7, 4, 5, 6, 2, 5, 4, 7, 5, 7, 4, 6, 6, 5, 5, 5, 6, 6, 7, 4, 5, 4, 5, 7, 6, 5, 4, 7, 4, 6, 5, 4, 5, 6, 6, 5, 7, 5, 4, 6, 6, 6, 6, 5, 5, 6, 5, 7, 5, 6, 6, 5, 6, 7, 6, 5, 4, 5, 7, 7, 5, 5, 9, 8, 7, 6, 5, 5, 6, 5, 4, 6, 5, 5, 6, 5, 6, 4, 5, 5, 3, 3, 5, 5, 6, 5, 6, 6, 5, 6, 6, 7, 6, 7, 5, 4, 6, 7, 4, 5, 5, 5, 5, 4, 5, 5, 6, 6, 7, 5, 4, 4, 6, 6, 3, 5, 3, 5, 5, 6, 5, 5, 6, 4, 6, 7, 5, 5, 5, 8, 7, 5, 7, 7, 6, 6, 8, 5, 6, 6, 6, 4, 5, 9, 5, 5, 6, 6, 5, 6, 8, 4, 6, 6, 6, 6, 6, 6, 6, 6, 7, 5, 3, 6, 5, 6, 5, 5, 4, 4, 5, 4, 4, 5, 5, 5, 7, 6, 5, 5, 7, 5, 7, 5, 5, 4, 7, 5, 5, 5, 5, 5, 4, 4, 7, 9, 4, 6, 5, 6, 4, 5, 5, 6, 6, 4, 7, 6, 6, 5, 7, 6, 7, 4, 5, 5, 4, 6, 6, 5, 5, 6, 8, 5, 6, 6, 5, 6, 7, 5, 6, 6, 5, 5, 6, 6, 6, 6, 6, 5, 6, 6, 4, 6, 6, 6, 4, 4, 4, 7, 4, 4, 6, 5, 5, 4, 6, 7, 7, 5, 5, 7, 5, 7, 5, 5, 5, 4, 7, 6, 7, 4, 9, 6, 3, 6, 6, 5, 6, 5, 6, 5, 6, 5, 5, 5, 5, 8, 5, 4, 5, 5, 6, 6, 5, 6, 5, 7, 7, 6, 5, 6, 6, 5, 5, 4, 5, 4, 5, 8, 5, 7, 5, 5, 6, 6, 10, 4, 5, 6, 5, 5, 4, 6, 6, 5, 4, 5, 4, 5, 7, 5, 5, 5, 4, 7, 5, 6, 4, 4, 7, 6, 6, 5, 4, 6, 9, 4, 6, 4, 6, 5, 7, 5, 5, 5, 5, 6, 5, 6, 5, 5, 5, 5, 5, 4, 6, 6, 5, 5, 6, 3, 6, 4, 5, 7, 5, 7, 9, 6, 4, 6, 5, 6, 5, 5, 5, 6, 6, 5, 5, 6, 5, 5, 6, 5, 5, 6, 5, 6, 6, 4, 6, 6, 4, 6, 5, 7, 5, 6, 7, 5, 4, 7, 5, 4, 5, 5, 5, 5, 4, 5, 4, 6, 6, 5, 5, 6, 6, 6, 7, 7, 7, 5, 5, 4, 6, 4, 4, 4, 5, 7, 5, 5, 5, 6, 6, 7, 3, 6, 6, 7, 5, 6, 6, 7, 6, 6, 5, 6, 5, 6, 5, 6, 5, 9, 5, 5, 7, 6, 5, 6, 6, 6, 5, 5, 6, 7, 4, 4, 5, 6, 6, 6, 5, 5, 7, 6, 7, 4, 4, 5, 5, 8, 6, 6, 7, 5, 4, 5, 7, 8, 4, 7, 5, 5, 5, 6, 5, 7, 7, 6, 8, 5, 5, 6, 6, 4, 6, 6, 5, 5, 4, 8, 4, 6, 7, 6, 6, 4, 6, 5, 5, 6, 5, 7, 6, 4, 6, 5, 6, 5, 4, 4, 5, 7, 5, 7, 7, 5, 6, 7, 6, 6, 5, 4, 4, 5, 6, 5, 4, 7, 5, 5, 6, 5, 5, 4, 4, 8, 5, 7, 7, 4, 4, 5, 5, 5, 10, 4, 5, 8, 5, 5, 7, 4, 6, 6, 6, 5, 5, 5, 6, 5, 5, 4, 6, 7, 4, 5, 6, 5, 7, 5, 4, 4, 6, 5, 4, 7, 7, 6, 5, 5, 5, 4, 5, 4, 7, 6, 5, 5, 6, 6, 5, 6, 5, 5, 6, 4, 5, 4, 5, 5, 4, 5, 5, 6, 4, 5, 6, 6, 4, 6, 7, 6, 5, 6, 7, 8, 5, 6, 4, 6, 6, 5, 5, 5, 4, 5, 5, 5, 4, 5, 6, 7, 5, 4, 6, 6, 5, 5, 6, 6, 6, 6, 7, 5, 6, 5, 5, 6, 6, 5, 5, 6, 5, 6, 4, 5, 5, 7, 5, 4, 7, 6, 5, 5, 5, 6, 7, 5, 3, 5, 8, 4, 5, 5, 6, 4, 4, 5, 5, 5, 5, 6, 5, 7, 6, 7, 5, 4, 4, 6, 5, 5, 5, 6, 7, 3, 5, 5, 5, 6, 8, 5, 4, 5, 5, 6, 5, 7, 6, 7, 5, 4, 4, 5, 4, 6, 7, 6, 7, 5, 5, 6, 7, 6, 7, 6, 4, 6, 6, 3, 6, 5, 5, 3, 5, 5, 7, 5, 5, 4, 4, 5, 6, 4, 5, 6, 4, 5, 6, 6, 5, 6, 5, 6, 5, 5, 5, 7, 5, 6, 5, 5, 6, 6, 7, 5, 6, 7, 5, 5, 6, 4, 5, 5, 6, 5, 5, 5, 8, 5, 5, 5, 6, 4, 4, 5, 6, 5, 4, 4, 6, 4, 5, 6, 5, 8, 5, 5, 5, 5, 3, 6, 5, 8, 6, 5, 5, 5, 9, 7, 5, 4, 6, 6, 7, 6, 7, 5, 5, 4, 5, 7, 7, 5, 6, 5, 6, 6, 5, 6, 4, 5, 5, 6, 6, 5, 5, 6, 5, 6, 6, 5, 5, 6, 7, 4, 7, 5, 4, 6, 6, 6, 5, 7, 4, 5, 4, 5, 5, 5, 4, 5, 5, 6, 3, 7, 5, 5, 4, 7, 5, 4, 7, 6, 6, 5, 6, 4, 6, 6, 6, 5, 4, 9, 5, 7, 7, 5, 5, 7, 4, 5, 5, 5, 8, 6, 4, 6, 6, 5, 6, 7, 4, 5, 4, 5, 6, 5, 5, 7, 6, 6, 5, 7, 4, 7, 6, 5, 5, 5, 6, 4, 5, 5, 5, 4, 4, 5, 6, 6, 4, 5, 5, 9, 7, 6, 4, 5, 5, 5, 5, 5, 6, 8, 5, 5, 5, 5, 5, 5, 4, 6, 5, 5, 5, 5, 5, 7, 6, 5, 6, 4, 4, 5, 6, 7, 5, 7, 4, 6, 7, 6, 5, 6, 3, 7, 5, 6, 5, 5, 7, 6, 4, 5, 6, 5, 5, 5, 6, 5, 6, 7, 6, 6, 6, 5, 4, 6, 7, 6, 8, 6, 5, 6, 4, 4, 6, 5, 5, 4, 6, 5, 7, 5, 6, 5, 5, 4, 5, 6, 4, 7, 4, 8, 5, 6, 6, 7, 8, 6, 6, 3, 9, 7, 4, 8, 8, 6, 5, 6, 5, 4, 6, 5, 5, 6, 6, 4, 6, 5, 7, 4, 5, 5, 5, 6, 6, 6, 4, 6, 5, 7, 3, 5, 5, 6, 4, 5, 5, 6, 5, 5, 6, 5, 7, 5, 5, 6, 5, 5, 5, 6, 5, 5, 5, 5, 5, 5, 5, 6, 4, 7, 6, 4, 6, 6, 7, 6, 5, 5, 6, 5, 7, 6, 5, 5, 6, 7, 6, 6, 6, 4, 4, 6, 3, 5, 6, 4, 8, 4, 7, 4, 5, 5, 5, 7, 6, 6, 6, 8, 5, 5, 5, 5, 5, 5, 7, 4, 5, 5, 4, 6, 6, 6, 4, 5, 4, 5, 6, 6, 4, 4, 6, 6, 5, 6, 5, 4, 7, 5, 6, 5, 6, 6, 4, 5, 5, 5, 6, 8, 4, 6, 6, 5, 6, 3, 7, 5, 5, 5, 5, 7, 5, 7, 5, 3, 7, 4, 7, 6, 4, 4, 6, 5, 5, 4, 5, 6, 6, 3, 5, 8, 6, 6, 6, 5, 5, 5, 6, 4, 6, 5, 6, 6, 8, 6, 5, 6, 6, 6, 6, 5, 5, 6, 4, 6, 5, 6, 5, 5, 5, 6, 5, 8, 7, 5, 6, 6, 5, 4, 6, 6, 5, 4, 6, 7, 6, 4, 4, 5, 4, 4, 7, 6, 7, 6, 5, 7, 5, 5, 4, 5, 8, 5, 5, 6, 5, 5, 5, 5, 6, 4, 5, 5, 7, 6, 8, 7, 5, 4, 5, 5, 6, 6, 8, 5, 5, 4, 5, 4, 7, 5, 6, 5, 6, 3, 4, 6, 6, 5, 6, 4, 4, 6, 7, 6, 7, 5, 7, 5, 7, 5, 5, 6, 4, 5, 6, 5, 5, 7, 8, 5, 4, 4, 5, 5, 6, 6, 6, 4, 5, 7, 5, 5, 3, 6, 6, 5, 6, 4, 5, 4, 7, 8, 6, 5, 7, 4, 5, 5, 7, 6, 5, 6, 6, 4, 5, 5, 8, 7, 4, 5, 4, 5, 5, 5, 5, 4, 7, 5, 6, 6, 5, 4, 4, 4, 6, 5, 6, 5, 7, 5, 6, 4, 7, 7, 7, 7, 6, 6, 4, 8, 6, 4, 5, 6, 6, 5, 6, 5, 6, 4, 5, 5, 5, 6, 6, 5, 5, 6, 4, 6, 5, 3, 4, 8, 9, 5, 7, 6, 5, 7, 5, 6, 3, 7, 5, 7, 7, 6, 4, 4, 6, 5, 5, 6, 4, 3, 4, 4, 6, 7, 5, 6, 5, 6, 5, 5, 3, 6, 6, 6, 6, 6, 5, 6, 4, 7, 5, 7, 4, 6, 6, 6, 6, 4, 4, 5, 6, 3, 6, 6, 8, 5, 4, 5, 5, 5, 4, 5, 6, 5, 5, 5, 5, 7, 6, 6, 5, 6, 5, 5, 5, 4, 6, 7, 5, 4]
max size = 10
avg size = 5.449263932702419



E-IPS-KNN T&F: ****************************************************************
[8, 7, 8, 5, 5, 5, 5, 6, 7, 6, 8, 5, 5, 5, 5, 6, 5, 4, 5, 4, 8, 7, 5, 4, 5, 6, 6, 6, 7, 4, 7, 4, 6, 6, 6, 5, 6, 6, 4, 5, 5, 5, 6, 6, 5, 4, 6, 9, 5, 6, 7, 5, 5, 7, 6, 8, 7, 5, 4, 7, 7, 6, 6, 5, 5, 5, 4, 6, 5, 8, 3, 5, 7, 7, 8, 6, 6, 5, 6, 5, 5, 6, 5, 8, 7, 8, 5, 5, 7, 4, 6, 6, 7, 3, 4, 4, 5, 4, 6, 4, 6, 5, 6, 5, 7, 8, 6, 5, 6, 6, 6, 7, 6, 7, 5, 6, 5, 7, 4, 5, 5, 7, 6, 6, 5, 8, 6, 4, 4, 7, 4, 5, 6, 6, 4, 5, 5, 6, 5, 6, 6, 5, 4, 5, 6, 5, 6, 6, 6, 5, 6, 7, 6, 5, 6, 5, 5, 5, 4, 4, 6, 5, 6, 4, 5, 6, 5, 5, 5, 6, 6, 5, 5, 6, 5, 4, 3, 5, 5, 5, 4, 6, 4, 6, 5, 6, 4, 5, 7, 6, 5, 5, 6, 5, 7, 6, 6, 6, 6, 4, 5, 6, 6, 7, 8, 5, 6, 5, 5, 4, 7, 4, 6, 7, 4, 8, 4, 5, 6, 7, 6, 5, 4, 5, 4, 7, 7, 6, 4, 5, 4, 7, 5, 6, 4, 7, 5, 6, 6, 5, 6, 5, 5, 5, 4, 5, 6, 4, 5, 7, 6, 4, 7, 7, 4, 6, 4, 5, 6, 5, 8, 7, 4, 5, 5, 4, 5, 6, 7, 5, 5, 6, 5, 4, 6, 5, 8, 6, 5, 6, 4, 5, 5, 4, 6, 6, 5, 5, 5, 7, 8, 3, 6, 5, 5, 5, 5, 4, 5, 5, 5, 5, 7, 6, 6, 7, 5, 8, 5, 6, 6, 7, 4, 5, 5, 7, 6, 6, 6, 5, 5, 6, 6, 5, 6, 6, 6, 5, 6, 5, 5, 6, 7, 5, 6, 5, 5, 6, 4, 5, 7, 5, 5, 7, 5, 7, 6, 6, 6, 7, 6, 7, 6, 6, 5, 4, 4, 5, 4, 7, 7, 6, 4, 5, 5, 6, 6, 5, 6, 7, 7, 6, 6, 4, 5, 7, 5, 6, 5, 7, 7, 5, 5, 5, 7, 5, 4, 3, 5, 6, 8, 5, 7, 4, 5, 5, 7, 6, 6, 5, 3, 5, 6, 6, 6, 5, 6, 5, 5, 5, 5, 5, 7, 3, 7, 5, 5, 5, 5, 4, 6, 9, 4, 7, 8, 5, 6, 5, 6, 5, 6, 8, 7, 4, 5, 6, 6, 7, 4, 6, 7, 5, 6, 3, 5, 5, 6, 6, 5, 5, 4, 5, 6, 4, 4, 5, 4, 7, 5, 4, 4, 4, 6, 5, 5, 5, 4, 5, 5, 6, 7, 5, 4, 6, 6, 5, 7, 7, 4, 6, 3, 5, 5, 5, 6, 6, 5, 6, 4, 5, 4, 5, 7, 5, 5, 5, 5, 5, 6, 4, 6, 5, 5, 5, 6, 6, 6, 6, 4, 5, 8, 5, 6, 7, 6, 5, 6, 6, 6, 6, 5, 5, 5, 7, 6, 5, 6, 6, 5, 6, 5, 5, 3, 6, 6, 5, 5, 5, 6, 6, 4, 7, 5, 6, 7, 4, 8, 5, 5, 5, 6, 3, 3, 5, 4, 4, 5, 5, 4, 5, 6, 6, 5, 4, 6, 4, 6, 5, 5, 5, 5, 5, 5, 4, 5, 5, 5, 3, 6, 6, 4, 4, 5, 5, 5, 4, 5, 7, 6, 4, 3, 5, 5, 5, 5, 5, 4, 10, 5, 5, 4, 6, 8, 10, 6, 6, 6, 5, 4, 6, 5, 6, 5, 5, 5, 5, 6, 5, 6, 6, 6, 4, 5, 6, 4, 7, 6, 4, 5, 6, 6, 7, 6, 6, 4, 6, 5, 7, 6, 5, 5, 5, 4, 5, 6, 5, 6, 7, 4, 6, 6, 5, 8, 4, 6, 5, 5, 5, 7, 7, 4, 5, 6, 6, 6, 6, 6, 7, 5, 5, 6, 5, 4, 5, 6, 6, 5, 7, 4, 6, 6, 6, 5, 6, 6, 5, 5, 4, 6, 5, 7, 6, 6, 5, 5, 5, 4, 5, 6, 6, 5, 7, 5, 5, 7, 6, 5, 6, 5, 5, 6, 7, 5, 5, 4, 5, 5, 6, 6, 6, 6, 5, 5, 6, 5, 5, 5, 5, 6, 6, 5, 9, 5, 6, 5, 6, 7, 5, 5, 5, 5, 5, 5, 5, 5, 6, 6, 7, 6, 4, 9, 4, 6, 7, 6, 7, 5, 6, 4, 6, 4, 6, 5, 7, 5, 5, 6, 5, 8, 6, 6, 6, 6, 5, 8, 5, 6, 6, 4, 6, 5, 6, 6, 6, 5, 6, 5, 4, 5, 5, 6, 5, 5, 5, 7, 6, 5, 5, 6, 6, 5, 8, 4, 4, 6, 4, 6, 5, 6, 4, 5, 4, 5, 5, 4, 5, 5, 5, 6, 6, 4, 5, 5, 5, 5, 5, 4, 6, 4, 5, 6, 9, 6, 7, 6, 7, 5, 6, 7, 6, 6, 4, 5, 4, 6, 5, 5, 5, 7, 6, 6, 5, 6, 4, 7, 6, 8, 5, 6, 5, 6, 6, 4, 6, 5, 6, 6, 5, 4, 6, 6, 6, 5, 6, 5, 8, 6, 6, 4, 5, 4, 5, 6, 6, 5, 7, 6, 5, 5, 5, 5, 5, 6, 4, 5, 5, 5, 6, 6, 4, 6, 5, 5, 5, 5, 6, 4, 5, 5, 5, 4, 7, 6, 6, 7, 6, 7, 5, 5, 5, 5, 8, 7, 6, 4, 6, 6, 5, 5, 7, 5, 6, 6, 4, 4, 4, 5, 4, 6, 6, 5, 5, 6, 5, 5, 5, 5, 5, 7, 5, 4, 7, 8, 5, 5, 6, 4, 4, 7, 4, 5, 5, 5, 6, 6, 5, 7, 5, 4, 6, 8, 5, 5, 6, 6, 5, 6, 5, 5, 5, 5, 4, 6, 5, 7, 5, 6, 6, 5, 7, 8, 5, 7, 6, 4, 5, 6, 5, 5, 5, 7, 4, 5, 6, 4, 6, 5, 5, 5, 5, 5, 3, 6, 5, 6, 5, 5, 6, 4, 4, 4, 5, 5, 5, 6, 6, 6, 5, 6, 4, 6, 5, 6, 5, 6, 6, 5, 4, 6, 5, 5, 5, 6, 5, 5, 6, 5, 6, 6, 6, 4, 5, 5, 5, 6, 6, 6, 7, 5, 7, 5, 5, 4, 6, 6, 5, 4, 6, 7, 4, 7, 6, 6, 6, 5, 5, 4, 6, 8, 4, 6, 4, 4, 6, 4, 6, 4, 6, 6, 5, 4, 5, 6, 7, 6, 3, 4, 4, 4, 6, 4, 5, 5, 6, 6, 5, 6, 5, 7, 4, 4, 5, 6, 5, 5, 4, 5, 6, 5, 6, 3, 5, 6, 8, 6, 5, 5, 5, 4, 7, 7, 5, 4, 7, 5, 5, 7, 6, 6, 4, 6, 5, 7, 5, 5, 5, 5, 4, 6, 6, 5, 5, 5, 6, 6, 4, 6, 5, 7, 6, 5, 4, 6, 6, 5, 7, 7, 6, 4, 4, 5, 4, 4, 5, 5, 6, 4, 5, 5, 6, 5, 5, 5, 7, 5, 6, 5, 5, 6, 4, 5, 5, 4, 6, 5, 5, 4, 5, 5, 6, 5, 4, 5, 5, 5, 6, 5, 6, 4, 5, 4, 3, 5, 5, 5, 3, 6, 8, 6, 4, 5, 8, 7, 5, 6, 3, 6, 4, 8, 7, 6, 7, 4, 6, 8, 5, 6, 6, 5, 5, 4, 5, 5, 7, 7, 5, 6, 6, 5, 6, 5, 5, 4, 4, 6, 6, 5, 6, 5, 5, 4, 4, 6, 6, 5, 6, 5, 7, 5, 6, 7, 7, 9, 6, 6, 5, 5, 6, 5, 5, 6, 6, 5, 5, 4, 6, 7, 5, 6, 5, 4, 6, 6, 8, 6, 6, 4, 5, 8, 5, 6, 5, 5, 6, 4, 7, 6, 5, 8, 5, 4, 6, 6, 5, 5, 5, 6, 5, 5, 6, 7, 6, 6, 5, 3, 4, 5, 4, 5, 7, 5, 6, 5, 7, 6, 6, 5, 4, 5, 5, 6, 5, 6, 5, 5, 5, 6, 5, 5, 5, 5, 6, 5, 5, 6, 6, 4, 5, 4, 6, 6, 6, 5, 6, 9, 6, 4, 5, 5, 6, 6, 5, 6, 5, 5, 4, 4, 5, 5, 5, 4, 6, 7, 6, 4, 7, 5, 5, 6, 5, 6, 6, 4, 7, 4, 6, 7, 4, 8, 5, 5, 4, 5, 5, 5, 5, 4, 5, 5, 6, 6, 7, 5, 7, 5, 4, 6, 9, 7, 5, 4, 7, 4, 5, 6, 5, 5, 5, 5, 6, 5, 7, 6, 4, 5, 6, 4, 5, 7, 7, 5, 4, 6, 5, 6, 5, 6, 5, 6, 5, 7, 4, 6, 4, 10, 6, 7, 4, 5, 6, 6, 4, 6, 8, 7, 5, 7, 3, 5, 6, 5, 6, 5, 5, 7, 5, 6, 3, 6, 6, 6, 6, 6, 4, 5, 6, 4, 4, 5, 6, 4, 7, 4, 7, 4, 8, 5, 6, 5, 4, 6, 7, 4, 4, 5, 6, 7, 5, 8, 5, 6, 6, 9, 5, 6, 5, 5, 6, 6, 6, 5, 6, 5, 4, 5, 6, 6, 6, 6, 8, 6, 6, 7, 5, 5, 5, 5, 4, 6, 4, 7, 5, 4, 4, 6, 5, 5, 5, 6, 5, 4, 5, 6, 5, 6, 5, 4, 6, 6, 6, 6, 6, 5, 4, 5, 5, 4, 6, 4, 6, 5, 4, 4, 5, 7, 5, 4, 6, 5, 4, 5, 6, 6, 6, 5, 6, 6, 6, 4, 5, 6, 6, 6, 5, 5, 5, 5, 5, 7, 4, 5, 6, 5, 4, 5, 4, 5, 6, 5, 5, 4, 5, 4, 6, 4, 7, 5, 7, 6, 5, 5, 4, 6, 5, 5, 5, 6, 6, 4, 5, 6, 7, 5, 5, 6, 7, 4, 5, 4, 5, 5, 5, 5, 7, 7, 7, 5, 5, 6, 5, 6, 6, 6, 4, 5, 6, 6, 7, 6, 6, 5, 4, 5, 5, 6, 6, 6, 4, 6, 6, 7, 4, 8, 4, 6, 9, 5, 3, 6, 5, 5, 6, 5, 9, 6, 7, 5, 5, 6, 5, 5, 5, 5, 6, 6, 5, 6, 7, 4, 4, 5, 7, 6, 6, 5, 5, 5, 6, 5, 5, 6, 5, 5, 5, 7, 6, 7, 5, 4, 7, 6, 7, 4, 5, 6, 6, 5, 5, 6, 6, 6, 6, 5, 4, 5, 6, 6, 4, 5, 5, 7, 6, 7, 7, 6, 6, 6, 4, 5, 5, 5, 4, 4, 6, 8, 5, 5, 6, 7, 6, 5, 5, 6, 4, 6, 4, 6, 5, 7, 5, 5, 7, 6, 5, 5, 6, 6, 4, 5, 6, 5, 8, 5, 6, 4, 5, 6, 6, 4, 7, 5, 4, 6, 9, 6, 6, 4, 5, 4, 4, 5, 5, 5, 5, 7, 5, 5, 8, 7, 4, 4, 4, 5, 6, 5, 5, 6, 4, 4, 6, 5, 5, 3, 6, 6, 4, 7, 4, 5, 5, 5, 5, 5, 6, 6, 6, 6, 7, 7, 7, 5, 5, 6, 4, 5, 5, 6, 6, 6, 5, 6, 6, 6, 5, 7, 5, 5, 5, 5, 6, 7, 4, 5, 5, 4, 6, 7, 5, 5, 5, 4, 5, 4, 7, 4, 5, 4, 4, 6, 6, 5, 5, 4, 5, 6, 4, 4, 5, 6, 5, 6, 7, 6, 8, 5, 5, 2, 6, 4, 4, 8, 5, 4, 3, 7, 7, 5, 5, 5, 4, 4, 5, 5, 5, 5, 7, 4, 6, 4, 4, 6, 5, 7, 6, 5, 5, 3, 6, 7, 8, 5, 5, 7, 5, 5, 7, 4, 4, 4, 6, 5, 5, 6, 6, 5, 5, 5, 4, 6, 5, 6, 6, 5, 5, 7, 5, 5, 6, 4, 5, 5, 6, 4, 6, 6, 4, 6, 6, 4, 7, 5, 7, 4, 5, 7, 6, 6, 5, 7, 6, 5, 6, 4, 5, 5, 5, 4, 6, 4, 4, 6, 7, 7, 5, 6, 6, 7, 5, 5, 7, 6, 4, 5, 4, 6, 5, 8, 5, 4, 4, 5, 5, 7, 8, 5, 5, 8, 4, 5, 7, 6, 5, 4, 5, 4, 7, 6, 8, 6, 4, 6, 6, 5, 7, 5, 5, 5, 6, 6, 6, 5, 6, 6, 5, 6, 6, 6, 6, 6, 4, 4, 6, 6, 6, 6, 6, 6, 6, 6, 4, 6, 6, 6, 4, 5, 5, 5, 4, 6, 4, 5, 5, 6, 5, 5, 4, 7, 4, 6, 6, 5, 7, 6, 5, 4, 5, 5, 4, 7, 5, 6, 6, 6, 5, 6, 7, 6, 6, 5, 6, 6, 5, 4, 6, 5, 6, 6, 4, 7, 5, 6, 6, 6, 5, 5, 7, 5, 5, 6, 6, 6, 6, 5, 6, 5, 3, 5, 6, 5, 7, 7, 7, 4, 4, 6, 6, 5, 6, 6, 7, 6, 5, 5, 4, 6, 6, 4, 5, 6, 5, 4, 5, 5, 4, 5, 6, 6, 7, 6, 4, 5, 5, 8, 5, 4, 7, 7, 4, 6, 5, 5, 7, 4, 4, 7, 6, 6, 6, 4, 4, 5, 4, 5, 6, 7, 5, 4, 5, 5, 5, 5, 6, 7, 6, 5, 6, 5, 4, 5, 5, 5, 6, 4, 4, 4, 7, 5, 5, 6, 6, 6, 6, 5, 6, 6, 8, 7, 7, 5, 6, 5, 5, 5, 6, 6, 4, 4, 5, 7, 6, 4, 6, 5, 7, 7, 6, 7, 5, 5, 5, 7, 6, 5, 6, 5, 4, 5, 5, 4, 6, 7, 5, 6, 6, 6, 5, 6, 5, 5, 7, 5, 7, 5, 4, 4, 6, 8, 3, 5, 4, 4, 5, 7, 4, 5, 6, 2, 5, 4, 7, 5, 7, 4, 6, 6, 5, 5, 5, 6, 6, 7, 4, 5, 4, 5, 7, 6, 5, 4, 7, 4, 6, 5, 4, 5, 6, 6, 5, 7, 5, 4, 6, 6, 6, 6, 5, 5, 6, 5, 7, 5, 6, 6, 5, 6, 7, 6, 5, 4, 5, 7, 7, 5, 5, 9, 8, 7, 6, 5, 5, 6, 5, 4, 6, 5, 5, 6, 5, 6, 4, 5, 5, 3, 3, 5, 5, 6, 5, 6, 6, 5, 6, 6, 7, 6, 7, 5, 4, 6, 7, 4, 5, 5, 5, 5, 4, 5, 5, 6, 6, 7, 5, 4, 4, 6, 6, 3, 5, 3, 5, 5, 6, 5, 5, 6, 4, 6, 7, 5, 5, 5, 8, 7, 5, 7, 7, 6, 6, 8, 5, 6, 6, 6, 4, 5, 9, 5, 5, 6, 6, 5, 6, 8, 4, 6, 6, 6, 6, 6, 6, 6, 6, 7, 5, 3, 6, 5, 6, 5, 5, 4, 4, 5, 4, 4, 5, 5, 5, 7, 6, 5, 5, 7, 5, 7, 5, 5, 4, 7, 5, 5, 5, 5, 5, 4, 4, 7, 9, 4, 6, 5, 6, 4, 5, 5, 6, 6, 4, 7, 6, 6, 5, 7, 6, 7, 4, 5, 5, 4, 6, 6, 5, 5, 6, 8, 5, 6, 6, 5, 6, 7, 5, 6, 6, 5, 5, 6, 6, 6, 6, 6, 5, 6, 6, 4, 6, 6, 6, 4, 4, 4, 7, 4, 4, 6, 5, 5, 4, 6, 7, 7, 5, 5, 7, 5, 7, 5, 5, 5, 4, 7, 6, 7, 4, 9, 6, 3, 6, 6, 5, 6, 5, 6, 5, 6, 5, 5, 5, 5, 8, 5, 4, 5, 5, 6, 6, 5, 6, 5, 7, 7, 6, 5, 6, 6, 5, 5, 4, 5, 4, 5, 8, 5, 7, 5, 5, 6, 6, 10, 4, 5, 6, 5, 5, 4, 6, 6, 5, 4, 5, 4, 5, 7, 5, 5, 5, 4, 7, 5, 6, 4, 4, 7, 6, 6, 5, 4, 6, 9, 4, 6, 4, 6, 5, 7, 5, 5, 5, 5, 6, 5, 6, 5, 5, 5, 5, 5, 4, 6, 6, 5, 5, 6, 3, 6, 4, 5, 7, 5, 7, 9, 6, 4, 6, 5, 6, 5, 5, 5, 6, 6, 5, 5, 6, 5, 5, 6, 5, 5, 6, 5, 6, 6, 4, 6, 6, 4, 6, 5, 7, 5, 6, 7, 5, 4, 7, 5, 4, 5, 5, 5, 5, 4, 5, 4, 6, 6, 5, 5, 6, 6, 6, 7, 7, 7, 5, 5, 4, 6, 4, 4, 4, 5, 7, 5, 5, 5, 6, 6, 7, 3, 6, 6, 7, 5, 6, 6, 7, 6, 6, 5, 6, 5, 6, 5, 6, 5, 9, 5, 5, 7, 6, 5, 6, 6, 6, 5, 5, 6, 7, 4, 4, 5, 6, 6, 6, 5, 5, 7, 6, 7, 4, 4, 5, 5, 8, 6, 6, 7, 5, 4, 5, 7, 8, 4, 7, 5, 5, 5, 6, 5, 7, 7, 6, 8, 5, 5, 6, 6, 4, 6, 6, 5, 5, 4, 8, 4, 6, 7, 6, 6, 4, 6, 5, 5, 6, 5, 7, 6, 4, 6, 5, 6, 5, 4, 4, 5, 7, 5, 7, 7, 5, 6, 7, 6, 6, 5, 4, 4, 5, 6, 5, 4, 7, 5, 5, 6, 5, 5, 4, 4, 8, 5, 7, 7, 4, 4, 5, 5, 5, 10, 4, 5, 8, 5, 5, 7, 4, 6, 6, 6, 5, 5, 5, 6, 5, 5, 4, 6, 7, 4, 5, 6, 5, 7, 5, 4, 4, 6, 5, 4, 7, 7, 6, 5, 5, 5, 4, 5, 4, 7, 6, 5, 5, 6, 6, 5, 6, 5, 5, 6, 4, 5, 4, 5, 5, 4, 5, 5, 6, 4, 5, 6, 6, 4, 6, 7, 6, 5, 6, 7, 8, 5, 6, 4, 6, 6, 5, 5, 5, 4, 5, 5, 5, 4, 5, 6, 7, 5, 4, 6, 6, 5, 5, 6, 6, 6, 6, 7, 5, 6, 5, 5, 6, 6, 5, 5, 6, 5, 6, 4, 5, 5, 7, 5, 4, 7, 6, 5, 5, 5, 6, 7, 5, 3, 5, 8, 4, 5, 5, 6, 4, 4, 5, 5, 5, 5, 6, 5, 7, 6, 7, 5, 4, 4, 6, 5, 5, 5, 6, 7, 3, 5, 5, 5, 6, 8, 5, 4, 5, 5, 6, 5, 7, 6, 7, 5, 4, 4, 5, 4, 6, 7, 6, 7, 5, 5, 6, 7, 6, 7, 6, 4, 6, 6, 3, 6, 5, 5, 3, 5, 5, 7, 5, 5, 4, 4, 5, 6, 4, 5, 6, 4, 5, 6, 6, 5, 6, 5, 6, 5, 5, 5, 7, 5, 6, 5, 5, 6, 6, 7, 5, 6, 7, 5, 5, 6, 4, 5, 5, 6, 5, 5, 5, 8, 5, 5, 5, 6, 4, 4, 5, 6, 5, 4, 4, 6, 4, 5, 6, 5, 8, 5, 5, 5, 5, 3, 6, 5, 8, 6, 5, 5, 5, 9, 7, 5, 4, 6, 6, 7, 6, 7, 5, 5, 4, 5, 7, 7, 5, 6, 5, 6, 6, 5, 6, 4, 5, 5, 6, 6, 5, 5, 6, 5, 6, 6, 5, 5, 6, 7, 4, 7, 5, 4, 6, 6, 6, 5, 7, 4, 5, 4, 5, 5, 5, 4, 5, 5, 6, 3, 7, 5, 5, 4, 7, 5, 4, 7, 6, 6, 5, 6, 4, 6, 6, 6, 5, 4, 9, 5, 7, 7, 5, 5, 7, 4, 5, 5, 5, 8, 6, 4, 6, 6, 5, 6, 7, 4, 5, 4, 5, 6, 5, 5, 7, 6, 6, 5, 7, 4, 7, 6, 5, 5, 5, 6, 4, 5, 5, 5, 4, 4, 5, 6, 6, 4, 5, 5, 9, 7, 6, 4, 5, 5, 5, 5, 5, 6, 8, 5, 5, 5, 5, 5, 5, 4, 6, 5, 5, 5, 5, 5, 7, 6, 5, 6, 4, 4, 5, 6, 7, 5, 7, 4, 6, 7, 6, 5, 6, 3, 7, 5, 6, 5, 5, 7, 6, 4, 5, 6, 5, 5, 5, 6, 5, 6, 7, 6, 6, 6, 5, 4, 6, 7, 6, 8, 6, 5, 6, 4, 4, 6, 5, 5, 4, 6, 5, 7, 5, 6, 5, 5, 4, 5, 6, 4, 7, 4, 8, 5, 6, 6, 7, 8, 6, 6, 3, 9, 7, 4, 8, 8, 6, 5, 6, 5, 4, 6, 5, 5, 6, 6, 4, 6, 5, 7, 4, 5, 5, 5, 6, 6, 6, 4, 6, 5, 7, 3, 5, 5, 6, 4, 5, 5, 6, 5, 5, 6, 5, 7, 5, 5, 6, 5, 5, 5, 6, 5, 5, 5, 5, 5, 5, 5, 6, 4, 7, 6, 4, 6, 6, 7, 6, 5, 5, 6, 5, 7, 6, 5, 5, 6, 7, 6, 6, 6, 4, 4, 6, 3, 5, 6, 4, 8, 4, 7, 4, 5, 5, 5, 7, 6, 6, 6, 8, 5, 5, 5, 5, 5, 5, 7, 4, 5, 5, 4, 6, 6, 6, 4, 5, 4, 5, 6, 6, 4, 4, 6, 6, 5, 6, 5, 4, 7, 5, 6, 5, 6, 6, 4, 5, 5, 5, 6, 8, 4, 6, 6, 5, 6, 3, 7, 5, 5, 5, 5, 7, 5, 7, 5, 3, 7, 4, 7, 6, 4, 4, 6, 5, 5, 4, 5, 6, 6, 3, 5, 8, 6, 6, 6, 5, 5, 5, 6, 4, 6, 5, 6, 6, 8, 6, 5, 6, 6, 6, 6, 5, 5, 6, 4, 6, 5, 6, 5, 5, 5, 6, 5, 8, 7, 5, 6, 6, 5, 4, 6, 6, 5, 4, 6, 7, 6, 4, 4, 5, 4, 4, 7, 6, 7, 6, 5, 7, 5, 5, 4, 5, 8, 5, 5, 6, 5, 5, 5, 5, 6, 4, 5, 5, 7, 6, 8, 7, 5, 4, 5, 5, 6, 6, 8, 5, 5, 4, 5, 4, 7, 5, 6, 5, 6, 3, 4, 6, 6, 5, 6, 4, 4, 6, 7, 6, 7, 5, 7, 5, 7, 5, 5, 6, 4, 5, 6, 5, 5, 7, 8, 5, 4, 4, 5, 5, 6, 6, 6, 4, 5, 7, 5, 5, 3, 6, 6, 5, 6, 4, 5, 4, 7, 8, 6, 5, 7, 4, 5, 5, 7, 6, 5, 6, 6, 4, 5, 5, 8, 7, 4, 5, 4, 5, 5, 5, 5, 4, 7, 5, 6, 6, 5, 4, 4, 4, 6, 5, 6, 5, 7, 5, 6, 4, 7, 7, 7, 7, 6, 6, 4, 8, 6, 4, 5, 6, 6, 5, 6, 5, 6, 4, 5, 5, 5, 6, 6, 5, 5, 6, 4, 6, 5, 3, 4, 8, 9, 5, 7, 6, 5, 7, 5, 6, 3, 7, 5, 7, 7, 6, 4, 4, 6, 5, 5, 6, 4, 3, 4, 4, 6, 7, 5, 6, 5, 6, 5, 5, 3, 6, 6, 6, 6, 6, 5, 6, 4, 7, 5, 7, 4, 6, 6, 6, 6, 4, 4, 5, 6, 3, 6, 6, 8, 5, 4, 5, 5, 5, 4, 5, 6, 5, 5, 5, 5, 7, 6, 6, 5, 6, 5, 5, 5, 4, 6, 7, 5, 4]
max size = 10
avg size = 5.449263932702419



KNN: **************************************************************************
size: 120



Logistic Regression: **********************************************************
size: 11



SVM: **************************************************************************
num_supp_vecs = 4774
size: 52516



Decision Tree: ****************************************************************
max_depth: 15
max_depth: 10
avg_depth: 7.781808622502629



Random Forest: ****************************************************************
n_estimators: 200
max_depth = 42



